Aster amellus microsatellite data
735	33	7	6	3
Pop1
Pop2
Pop3
Pop4
Pop5
Pop6
Pop7
Pop8
Pop9
Pop10
Pop11
Pop12
Pop13
Pop14
Pop15
Pop16
Pop17
Pop18
Pop19
Pop20
Pop21
Pop22
Pop23
Pop24
Pop25
Pop26
Pop27
Pop28
Pop29
Pop30
Pop31
Pop32
Pop33
Population	Individual	F58red	A12green	B3blue	A415black	G431blue	J15green	H231red
1	D1_1	044045	032039	037039	000	091	065066	072
1	D2_1	040	041	032041	087	085095	065066	071
1	D3_1	044046	041043	032041	083090	092097	066	072
1	D4_1	044045	040041	032039	090097	084092	065066	072
1	D5_1	044	041	032039	093094	085097	066	072073
1	D6_1	039	038	032041	085088	091092	065	072
1	D7_1	039041	031044	032035	090091	085093	065066	071072
1	D8_1	044	031042	036039	095	084092	065066	072073
1	D9_1	044	031041	032035	000	085094	065066	072
1	D10_1	038044	039	032037	089	085089	065066	072
1	D11_1	044	041042	035040	091099	085090	065066	072
1	D12_1	039046	039043	032035	090	087093	066	072
1	D13_1	039044	040	032	000	091093	065066	072
1	D14_1	043044	038039	032039	088	085092	065066	072
1	D15_1	044	042043	032040	085	092	066	072
1	D16_1	044	031039	035040	094101	085093	065066	072
1	D17_1	044	031042	039040	085	092097	065066	072
1	D18_1	039045	038039	032	101	089091	065066	072
1	D19_1	038044	031039	032	091	093095	065	072073
1	D20_1	039043	032039	032	099100	085094	065066	072
1	D21_1	039	032039	039042	096099	085090	066	072
1	D22_1	040044	031039	032	089101	085090	065066	072073
1	D23_1	039044	038041	039040	091	085092	066	072
1	D24_1	039044	039046	032041	088090	092093	065066	072
1	D25_1	041045	044046	032035	093094	088093	065066	072
1	D26_1	039044	000	000	000	085093	066	072
1	D27_1	040044	039042	039041	089090	088090	066067	072
1	D28_1	044	038	032	090091	093097	065066	072
1	D29_1	038044	031045	039	091	091096	065066	072
1	D30_1	039044	032043	032035	089095	089093	062065	072073
2	D31_2	039043	043	032040	092095	085090	066068	072
2	D32_2	039043	038	039043	085	091	065066	071072
2	D33_2	039043	039044	039	092095	085	065	072
2	D34_2	039043	041	032041	085092	000	000	000
2	D35_2	041043	043	032038	092095	091	065066	072
2	D36_2	038043	039043	039	085	085091	065066	072
2	D37_2	039041	043044	032	087091	085090	065066	072
2	D38_2	039042	039044	032041	090095	091096	065066	071072
2	D39_2	038039	043	039	091092	085	065066	072
2	D40_2	038042	039057	032041	092096	085090	065066	072
2	D41_2	039041	044	032039	088091	085096	065068	072
2	D42_2	039041	043	032039	088	085091	065	072
2	D43_2	041043	039044	032039	092095	085091	065066	071
2	D44_2	039041	043	032038	091	085091	065066	071072
2	D45_2	039	038	032	088097	085090	065066	072
2	D46_2	039041	043	032038	088096	085	065066	072
2	D47_2	038043	039	039	085092	085096	065066	071072
2	D48_2	039043	043	032041	090091	000	065066	071072
2	D49_2	039041	000	039	000	000	065066	072
2	D50_2	039043	000	039	000	000	065	072
2	D51_2	041043	000	032	087091	085091	065	072
2	D52_2	038039	043	032039	091	085091	066068	071072
3	D53_3	038043	039044	032041	084097	085	065	072
3	D54_3	039	039	032041	092	085094	066067	072
3	D55_3	039043	045051	035039	093092	090092	065066	072
3	D56_3	040	039044	035	100101	090091	065	072
3	D57_3	040	040044	032035	098099	090091	065	072
3	D58_3	040	031	041	093098	000	066067	072
3	D59_3	043	039	032041	093	085094	065067	072
3	D60_3	000	000	000	000	090091	065066	072073
3	D61_3	043	039	032041	091100	090093	065066	072
3	D62_3	040043	039	032041	093094	085093	065	072
3	D63_3	039042	038039	035041	092096	000	065067	072073
3	D64_3	039	039044	000	093095	085095	067	071072
3	D65_3	038039	044	032	092098	085091	065066	072
3	D66_3	038039	044	035	084093	000	000	000
3	D67_3	040	045046	032041	097	085091	065	072
3	D68_3	039	039044	032	097098	085092	065	072
3	D69_3	040	045046	032035	095100	091093	065066	072
3	D70_3	039	038	041	092	090	065	071
3	D71_3	039043	039	032042	094098	085093	065066	072
3	D72_3	039043	039	032041	092093	085091	066067	072
3	D73_3	039	045053	032041	000	085091	066067	072
4	D74_4	039	032038	032041	095	091093	065066	068072
4	D75_4	042043	041056	032039	088089	091092	065066	068072
4	D76_4	042043	041043	030032	100101	092093	066	072073
4	D77_4	039041	037041	032041	087098	091093	066	071072
4	D78_4	000	000	000	000	090092	065066	072
4	D79_4	039043	037	032041	088098	088091	065066	072073
4	D80_4	039041	037056	032039	097100	089091	065066	071072
4	D81_4	039044	031	032039	087089	091	063066	072
4	D82_4	040	037041	032039	097098	091	066	072
4	D83_4	000	000	000	000	089094	066	072
5	D84_5	039040	038041	032	088092	084091	065	072
5	D85_5	039044	038047	041	086092	091	065	072
5	D86_5	039043	038046	036040	087088	090092	065066	072
5	D87_5	043044	038046	032036	087092	091	065	072
5	D88_5	039044	038041	041	087090	091093	065	072
5	D89_5	039	038	036040	088092	091094	065067	072
5	D90_5	039	038041	040	092	090091	065	072
5	D91_5	039047	044	032038	090093	088091	065	072073
5	D92_5	039	038	037040	088	083094	065068	072
5	D93_5	039043	038046	000	087	084091	065	072
5	D94_5	039044	041046	036	088	084091	065	072
5	D95_5	040044	032041	038	087	091092	065	072
5	D96_5	041047	040044	036041	088090	085093	065068	072
5	D97_5	042047	039044	000	090	091093	065	072
5	D98_5	045047	041044	032041	096097	093	065	072
5	D99_5	039047	044	036041	086089	000	065	072
5	D100_5	041044	040043	036041	085092	000	065	072
5	D101_5	044045	040043	036	085092	000	065	072073
5	D102_5	039044	043	032041	083091	000	065066	072
5	D103_5	040044	032041	036041	088089	091092	065	072073
5	D104_5	041	040	032041	089091	000	065066	072073
5	D105_5	041044	040	038	087093	000	065066	072
5	D106_5	039041	039041	032040	083089	000	065	072073
5	D107_5	040	038039	033040	087	000	065066	072
5	D108_5	038044	040044	038040	087	000	065	072
6	D109_6	041044	040044	038	089092	091096	066	071
6	D110_6	041043	031042	032038	091096	091	066	071
6	D111_6	041	043	038041	088091	090093	066	071
6	D112_6	039043	038043	032	090091	000	066	071072
6	D113_6	041043	044046	032	085089	090093	066	072
6	D114_6	039041	038039	032038	086093	091	066067	071072
6	D115_6	041043	042044	032	091092	092093	066	071072
6	D116_6	041043	040046	038041	094095	091	066	071072
6	D117_6	039043	038042	032	090	091092	066	072
6	D118_6	039043	038043	032038	090093	092093	066067	071072
6	D119_6	039043	039044	032038	089097	091093	066	070072
6	D120_6	043044	031056	032038	092097	091	066067	071072
6	D121_6	040041	044050	038	089091	091093	066	071
6	D122_6	039041	038040	032041	087093	091	066	071072
6	D123_6	039041	038040	032038	091092	091	066	071
6	D124_6	040041	043050	032038	089091	090093	066	071
6	D125_6	040	040050	032041	089091	091093	066	071072
6	D126_6	041044	031040	032038	091	090091	065066	071072
6	D127_6	040044	046050	032038	092097	091093	066	071
6	D128_6	041	044	032038	092093	092093	066	071072
6	D129_6	039041	040046	038041	092093	093	066	071
6	D130_6	041043	031044	032	084089	092096	066067	071
6	D131_6	041043	042044	032038	092096	094096	066	071
7	D132_7	039	040	032	084	000	065	071072
7	D133_7	039044	040041	032039	088	000	065066	072073
7	D134_7	040044	042045	038039	096	091	065066	071072
7	D135_7	040044	040	038	091092	090092	065	072
7	D136_7	041045	040	038	084085	093096	065	072073
7	D137_7	040044	040042	033035	088	000	000	000
7	D138_7	039	040042	032035	089092	000	065066	072
7	D139_7	039044	046047	032	089098	000	065066	072
7	D140_7	040045	040	032038	085097	000	065066	072
7	D141_7	040044	040041	032036	090	000	065	071073
7	D142_7	039	040047	038039	088090	098	065066	071073
7	D143_7	039040	039045	032	092	000	065	073
8	D144_8	039041	041044	032	093099	090091	065066	071072
8	D145_8	000	000	000	000	096	065066	071072
8	D146_8	041	031041	032	089100	085	065066	072073
8	D147_8	041043	041043	032038	094	092095	065	072
8	D148_8	000	000	000	000	085	065	072
8	D149_8	042	031041	032040	085098	091	065066	072
8	D150_8	039041	043044	032040	089091	095096	066067	071072
8	D151_8	039	031050	032039	083086	091	065	072
8	D152_8	039041	038043	040041	087097	091092	065	072
8	D153_8	039043	038049	032	086095	090091	065	072073
8	D154_8	039043	000	032040	088093	000	065066	072
8	D155_8	040	000	032	083084	000	065066	072
8	D156_8	042043	000	038039	086088	000	065066	071073
8	D157_8	041043	000	032	000	000	000	000
8	D158_8	040043	000	032039	086088	097	065066	071072
8	D159_8	039041	000	032039	000	000	065068	071072
8	D160_8	040041	000	032040	088093	000	065	072
8	D161_8	039041	000	032038	000	000	000	071072
9	D162_9	040	038044	032	093	085091	066	070073
9	D163_9	039044	042043	032041	087094	091095	065066	073
9	D164_9	043044	031043	032041	092094	091092	066068	072073
9	D165_9	039043	031042	032	084090	090	065066	071072
9	D166_9	039042	042043	032	091	090097	066	072
9	D167_9	043	031042	032	093094	090091	065066	072
9	D168_9	038041	040043	032	089094	090092	066	072
9	D169_9	041043	031042	032	093098	091099	065066	072
9	D170_9	041	040042	032	094098	091092	066	072
9	D171_9	041043	038043	032041	092094	090098	065066	071072
9	D172_9	039040	042043	032039	085098	097	066	072073
9	D173_9	038044	040044	032	093094	095	066	072
9	D174_9	043	042043	032039	089094	099	066	072
9	D175_9	039042	043	032039	085091	091	065066	072
9	D176_9	039042	039042	032038	085097	091	065066	072
9	D177_9	039041	042	032039	097099	091	065066	072
9	D178_9	041043	042043	032	086	091092	066067	072073
9	D179_9	043044	031042	032038	094095	085092	065066	072
9	D180_9	040041	042043	032039	088094	091	065066	072
9	D181_9	038041	042043	039040	094098	091097	065066	072
9	D182_9	038043	042043	032	091092	091092	065066	072
9	D183_9	041043	031039	032	092093	092098	065066	072
9	D184_9	042043	043	032040	099100	091	065066	072
9	D185_9	040043	042	032	084088	090	066067	071072
10	D186_10	037039	034039	040	085095	086090	066067	072073
10	D187_10	039040	039045	030040	089094	086094	065067	071072
10	D188_10	039040	039045	039040	090094	085	065067	073
10	D189_10	039040	039040	032039	084091	085092	066067	071073
10	D190_10	038040	034039	039	089	084090	065067	072073
10	D191_10	038040	034039	032039	089	085094	066067	071073
10	D192_10	039041	045	030032	090101	085090	066067	072073
10	D193_10	036040	039045	032040	087094	084090	066067	072
10	D194_10	037040	033034	030039	089091	089093	065067	073
10	D195_10	039	034040	038039	089093	092093	066067	071072
10	D196_10	039041	037040	039040	093094	085	065067	072
10	D197_10	038039	039	030040	087097	090094	065067	071072
10	D198_10	039	039040	030040	089094	086093	065066	072073
10	D199_10	039	039045	040	094	090093	066067	072073
10	D200_10	040	039	030039	090091	083091	066067	072073
10	D201_10	038039	037045	040	094099	089093	067	072073
10	D202_10	039043	034047	038039	089	084091	065067	071073
10	D203_10	038041	037040	039040	099100	086094	065	071073
10	D204_10	038039	042045	040	094098	084085	065067	072
10	D205_10	039043	045047	039040	089098	088092	065067	071073
11	D206_11	042043	038042	032	090096	085096	066	071072
11	D207_11	038042	038041	032	090096	085096	065066	071072
11	D208_11	038042	038041	032	090097	085	065066	071072
11	D209_11	040042	041	032035	084096	090095	065066	071072
11	D210_11	040041	039044	035036	084089	090092	066	072
11	D211_11	043	039042	032035	087094	096	065066	072
11	D212_11	044	042048	035039	089090	092	065066	072
11	D213_11	040	039051	035039	085086	091	065066	071072
11	D214_11	040041	038043	032	091099	091092	065066	071072
11	D215_11	038040	032048	039	087094	088092	065	072
11	D216_11	040	043	032039	084091	083092	065	070071
11	D217_11	000	044048	037039	085094	088092	065	072
11	D218_11	042043	040048	038	093094	083100	065	070072
11	D219_11	042043	038040	038039	097098	088091	065066	071072
11	D220_11	040044	034044	032040	088094	091	065066	070072
11	D221_11	040042	039051	032039	086093	090	065	070072
11	D222_11	040	044051	032	086094	083090	065	070
11	D223_11	040044	048	035039	089094	092096	065066	070072
11	D224_11	042043	039044	032035	087088	088096	065067	072
11	D225_11	042043	040048	039	094095	088092	065066	070072
11	D226_11	040	044048	039	094	088095	065	071072
12	D227_12	039045	039046	040	085094	000	065	072
12	D228_12	044	038046	035	084090	000	065066	072
12	D229_12	039044	040046	035	084089	000	065	072
12	D230_12	038	038046	036	100	091	065066	071072
12	D231_12	040041	037	037	085088	000	065	072
12	D232_12	040045	046049	035	085	091	065	072
12	D233_12	041045	037046	035	085	000	065	072
12	D234_12	039	031	035041	000	091	065	072
12	D235_12	041	000	040	000	000	065	072073
12	D236_12	041043	031037	032035	084094	000	064065	072
12	D237_12	044	040046	035	087	091093	065	072
12	D238_12	044	040	035040	087	092093	065	072073
12	D239_12	038044	031038	035041	085090	091092	065	072073
12	D240_12	000	040	000	000	091095	065	071073
12	D241_12	038040	046049	032	000	091	065	071072
12	D242_12	039044	031	041	090099	085093	065	071072
12	D243_12	038039	037040	035	000	091	065	071072
12	D244_12	040045	046049	035041	084089	091093	065	072
12	D245_12	041045	037049	036039	085	091	065	072
12	D246_12	041044	037038	035037	084090	091092	065	072
12	D247_12	039045	031046	035041	096	091093	065	072
12	D248_12	039	031	035041	085	091	065	072
12	D249_12	039041	037040	032041	085	091093	065066	072
12	D250_12	044045	040046	032	085096	091093	065	072073
12	D251_12	041044	039	035	084097	091095	065	071072
12	D252_12	038040	040050	035	088	088090	065066	071072
13	D253_13	043	051054	038	089091	095096	065066	072073
13	D254_13	040043	034038	032039	091092	091	065	071072
13	D255_13	040043	041042	030032	086088	091092	065	072
13	D256_13	043044	035043	032	085	091	065066	072
13	D257_13	040043	034042	032039	094	000	065	000
13	D258_13	040	043	030038	092095	000	065066	072
13	D259_13	043	034	032041	089090	000	065066	072
13	D260_13	042043	032041	032039	091	092095	065066	072
13	D261_13	040043	042	032040	086093	000	065066	071072
13	D262_13	040043	042043	032	085091	000	065066	072073
13	D263_13	040043	043055	032038	093100	088090	065	072
13	D264_13	041043	031	032038	096	091092	065	071072
13	D265_13	040041	042	032041	094095	090092	065066	072
13	D266_13	041044	042055	032038	089093	091095	065	072
13	D267_13	040043	042043	032038	087093	091098	065066	072
13	D268_13	040043	042043	038	086090	092095	065066	072
13	D269_13	040043	042	030038	094	092	065066	072
13	D270_13	043	042051	038	090091	089	065066	072
13	D271_13	043	042055	038	090	092095	065066	072
13	D272_13	043	040055	032	085087	091095	065066	072
13	D273_13	043	042	032	086	091095	065066	072
13	D274_13	040043	041042	032039	085094	089090	065066	071072
13	D275_13	043	042	032038	099	090092	065068	072
13	D276_13	039043	038042	038041	085094	092	065066	071072
13	D277_13	040	042046	032040	092097	091	065066	071072
14	D278_14	039044	038043	032	091092	091	064065	071072
14	D279_14	037040	035043	036038	089091	085	065	072
14	D280_14	036037	039040	031	088	091096	064065	072
14	D281_14	039041	035042	032	088095	085090	065	070072
14	D282_14	039043	035042	032038	091	091096	062065	071072
14	D283_14	038039	042	032038	093	091094	065	068072
14	D284_14	038039	042043	032038	091093	085096	065	072
15	D285_15	042044	038040	039041	087	090091	065066	071072
15	D286_15	041043	031	039041	095	090092	065066	071
15	D287_15	041	044	032041	088	085091	065066	071
15	D288_15	041043	044	038	087088	085091	065066	071073
15	D289_15	039041	049	039	088090	091096	065066	072073
15	D290_15	039041	038043	032039	088	091	065066	073
15	D291_15	042043	038042	032039	088090	090098	065066	071072
15	D292_15	039043	041042	038041	090	091098	065066	072073
15	D293_15	041	032043	032039	088090	095098	065066	071072
15	D294_15	042043	040049	039041	088	090096	065066	071073
15	D295_15	041	032043	038039	087088	090091	065066	072
15	D296_15	041	031043	038039	090	085091	066068	071
15	D297_15	039043	041043	032	087	092096	065066	071
15	D298_15	041	043049	032039	088090	091096	066068	071
15	D299_15	041043	043	041	088094	090	065066	071
15	D300_15	039043	041	039041	087	091096	065066	072
15	D301_15	039043	041042	041	091	091097	065066	071072
15	D302_15	042	038043	038039	088	090096	066068	071073
15	D303_15	039041	040041	032041	088	091096	065066	071072
15	D304_15	039043	042049	038041	090	090091	066068	071
15	D305_15	039040	032049	032	088090	090096	065066	071072
15	D306_15	042043	040	038039	088	091	066068	071073
15	D307_15	042043	043	032038	087088	091098	065066	072
15	D308_15	041043	043	032	089090	091095	065066	071073
15	D309_15	038041	032	032041	085091	096	065066	072
16	D310_16	042043	031040	039041	087096	091098	065066	072
16	D311_16	039043	043044	038039	085095	091	065066	072
16	D312_16	038042	040044	039	096097	092095	066068	072
16	D313_16	038040	040	032038	087089	091	065066	072
16	D314_16	039040	041042	032038	091	092097	065066	071
16	D315_16	042	038043	032	087	097	065066	071072
16	D316_16	039042	038041	032	088	091	065066	071072
16	D317_16	040042	041049	032	090096	091095	066068	072
16	D318_16	038043	041043	032039	091100	090091	066068	072
16	D319_16	042	043044	038039	089091	091	065066	072
16	D320_16	042	038044	039	088091	091	066068	071072
16	D321_16	039	040041	032	089097	092	065066	072
16	D322_16	042	038	038039	089101	092	066068	072
16	D323_16	042043	044	032038	089091	090095	065066	071
16	D324_16	042043	038042	039	089095	091092	065066	072
16	D325_16	041043	031044	032039	091	089095	065066	072
16	D326_16	041043	043044	032038	089093	085	066067	072
16	D327_16	039041	041043	032	088	091092	065066	071072
16	D328_16	042	038044	035041	088093	091	065066	072073
16	D329_16	043	041043	032039	096098	090	065066	071072
16	D330_16	039041	043044	032038	087095	092096	065066	072
16	D331_16	042	042044	038039	088089	090091	065066	072
16	D332_16	039	041044	032038	089	091092	066068	071073
16	D333_16	038039	039	032039	087088	085091	065066	071072
16	D334_16	042043	037044	032038	088094	091092	065066	072
17	H335_17	029036039043045046	031032037045	017018022	074078	083089092093094101	066067068069070071	068070071
17	H336_17	030036043045046053	032046051	019	078	087091093	066067068071	066069070071072075
17	H337_17	029036040045046049	030032039049	017022	074078	086092093098	064066	069070071072074
17	H338_17	029036045046047053	032052053	017018022024	074078	092094095101	060064068070071072	070071074
17	H339_17	030036045046049051	032036040044054055	017018022038	074078	085093094104	060064068069070071	068071072073
17	H340_17	028036045046047051	032046049054055	017018022	074078	000	000	000
17	H341_17	028036045046047051	032046049054055	017018022	074078	093094102	066067068	061067069071076
17	H342_17	029030035041045046	032036037049054	017018022	078	093094	063067068069070072	069070071
17	H343_17	029036040045046047	031043046049055	017018022037	074077078	088094	060068069070071072	069071073076
17	H344_17	036045046051	032046049	017018022	077078	085088093094	060067068071	066071072077
17	H345_17	029036045046048051	046049051	017018022	074078	088093094095105	060067068	070071072073074
17	H346_17	029036040045046051	032046	017018022	074078	092093094103	065067068069070072	068069072077
17	H347_17	029036039041045046	032037046	017018022	074078	092093094	068070071	070071072
17	H348_17	035036040045046052	032043050	017018022024	078079	092093094103	068070071	066069071072
17	H349_17	028036045046048052	049	017018022	074077089	094	060067068	069070071072073
17	H350_17	035040045046047048	043046049055	017018022037	078	093094099100	060068069071	069071072073076
17	H351_17	036039041045046047	031046049055	017018	074078	087094	069070072	068070071072076
17	H352_17	029036039040047049	031032043049055	017018037	078	093094	069070071072	068071076
17	H353_17	028029036039047	031037048049054	017018037	078	087090094	066067068069070072	068070071
17	H354_17	030036041051	031046049	017018	078	087093094095	060063065067070072	070071072
17	H355_17	028035043051	032043046049051	017	078	091094095	060063065067068069	070071073
17	H356_17	028034035047052	032036041	017	078	093094	063065068069070072	069071
17	H357_17	035036039052	032046	017018	078	094	063064065066067070	066068069071
17	H358_17	029036047049	032036046049	018019	078	092094	063065066068069070	066068070071
17	H359_17	035036046047	031032036	017	077078	093094	063065067068069070	066070071
17	H360_17	035036039041042	032039048	017018	078	091092094	063066067068069	070071072073074
18	H361_18	029035036039045046	032038044052	017018022	074078079	092095097098107	066067	068069070071073076
18	H362_18	029035036039045046	032038044052	017018022	074078079	092095097098107	066067	068069070071073076
18	H363_18	029035036039045046	032038052	017022	078	092094095097098	063064065066067068	070071073077
18	H364_18	035036045046051052	032041050	017018022	074078079	083085094095104	063065068069070074	069070071
18	H365_18	035036039045046051	032038052	017022024	078	092094095097098	063064065066067068	070071073077
18	H366_18	029036039045046050	032038044052	017018022	078079	092095097098107	066067	069071073076
19	H367_19	026028035036039055	032038043046049	017018	078	089097109	065066067068071	070071072073
19	H368_19	029035036052054055	032037047048	018	077078	096097	000	068071072073
19	H369_19	028035036050051055	032043046047049	017018	077078	089094101	067	067068071072
19	H370_19	035036051054	032046	018	077078	085097098108	000	070071072074077
19	H371_19	028035050053055	032039049	017018	077078	098	065066067068073	067071072073
19	H372_19	026035044050053055	032043045046047	017018	077078079	099103105	063064065066067	068069070071
19	H373_19	028035044055	032036037046	017018	077078	097	064	069070071
19	H374_19	029035036046051	032049050051	017018	078	089091094098	063064065	069070071074
19	H375_19	029035036040045050	032033044045047	017018	078	087091096097100	065067068069070071	069070071072073
19	H376_19	026035036041048053	031032052	018	077078	088092107	065068071073	069070073076
19	H377_19	028035045048050054	031045050	017018	077	000	000	000
19	H378_19	028035047050053	031032039052	017018	077	088097101	070072	067068069071074
19	H379_19	028035045047050054	032045050	018	077078	088093100	066067	068071072
19	H380_19	028035045052055	032044053	017018	077	102103106108	065067068073	069070071076
19	H381_19	030035041052055	032045048049	017018	077	000	000	000
19	H382_19	035055	032036048	017018	077	088091105107	064066069070072	068071072073077
19	H383_19	035055	032047049	017018	077	087091094097098	063064065067069	068069070071
19	H384_19	035043048051052	032049	017018	077	088093098102	064	068069070073
19	H385_19	029034048051052053	032051	017018	077	084086097101102103	064065069071075	070071072076
19	H386_19	028035045048053054	032045046	017018	077	103108111	067069	071073074
19	H387_19	034035045050053054	032033052054	018	077	090093095098	063067	067070071073
19	H388_19	028035050052	032053	017018035	077078	096099100	065068069071072075	068070071076077
19	H389_19	028035044051052	032035039	017018019	077	092093098	063064065075	065068071072073
19	H390_19	029035044050051	032046051	018037	077	090091097098	064068073	069070071
19	H391_19	034035044047049055	031032045	017018	077	094097098108	064065066073	069071072073
19	H392_19	029035049051052055	032037046047	017018	077	098100101107	000	070072073
19	H393_19	035044055	031032037	017018	077	088093101	060065068073	069070072073
19	H394_19	028035039052055	032039046047	017	077078	093095104	060063064065068	068071072073076
19	H395_19	028034035045046053	032048	017018	077078	094095097098104108	066067068	067071072073
19	H396_19	035050051054	032036047049	018019	077078	093097099100101	067068069071075	068069071072073
20	H397_20	035041048051	032042043	017018	077078	092094100104105107	066068069070071073	068070074
20	H398_20	035036038039	029030032038041	017018	077078	086088092093103108	066069070	068070074
20	H399_20	030035039042046	030032038	017018	078	088092093097101103	063064066068069	069074076077
20	H400_20	035036039041051054	030032038	017018	078	090091093096106	064065066068070	068069070071073
20	H401_20	028035036042049	032036041042044	017018	077078	090093094095098099	065067068069	065069070071072073
20	H402_20	028033035039054	031032036	017018	077	083089094095097101	067	068069071072073
20	H403_20	030035039050	032051052	017018	078	086091092093098103	068069070	068069070071072
20	H404_20	035039041051	032044050	017018	077078	091102103104	064066068070	065070071072
20	H405_20	030035036041042054	032038051	017018	077078	089091101103104	070	065066070071
20	H406_20	030035036041043	032042050	017	077078	087092098101102	066	065068071072073
20	H407_20	035036039	032041058	018035039	077078	089094096102	063065069070071	065071072073
20	H408_20	035041043052	031032042045	017	077	085089091092093098	064071	068069070071073
20	H409_20	035039044053	030041050	017018	077078	089094099102	064066072	065068070071072
20	H410_20	035040052	032045054	017018035	078	091092093094	064070	065068069071076
21	H411_21	035040	032037043051	000	079	000	065066068069071	068069071074
21	H412_21	039041	042043	032038	085086	098	065066	072073
21	H413_21	035036	032039051	017	074078	093094	064066067068	069070071073074
21	H414_21	035	032051053	017018	078	000	065066067068070071	068071073
21	H415_21	035041	031032037	017	077078	000	066068069	068071073
21	H416_21	028036041049055	031032037039043053	017021	078079	085094	065066068069070071	068070071073
21	H417_21	041046049	031032043051	017018021	074078	093	066068	068071
21	H418_21	049053055	031032043052	017018021	074078	094	066068	068069071073
21	H419_21	036041044046	032039051	018	078079	094	064066067068069	068069071073074
21	H420_21	030037040	042045	021032040	092	090091	066067	069073
21	H421_21	035045049052	031032051052	017021	078079	093	064066067	064068069073076
21	H422_21	035036044045	032051052	021	078079	094	066068069	064068069071
21	H423_21	035036044045	032040043052054	017021	078	094	066068069	068070071073
21	H424_21	035048051	031032039051052	017018	078079	085089091092093094	066068069	068073
21	H425_21	040041046047	032034038	022	085	085089	065066	071
21	H426_21	030039043046047	031043	032	088	091	065066	071072
21	H427_21	030040043046047	037	032041	089090	084090091092101106	065066	071072
21	H428_21	030039043046047	031043	032	085103104	091	065	070071
21	H429_21	030040046047	044	022032	087	084091096	065066	070071
21	H430_21	030039041045046	031043	032038	086092	084089090091092101	065	070071
21	H431_21	030039041045046	031042043	032038	086091092	091092100101	065	070071
22	H432_22	029033035051052053	032047048050	017018019	078	094095	063065068069	068069070071
22	H433_22	033035053	032041043047	018	078	097	063065068069	064068070071072
22	H434_22	033035036	032038041048050	017018019	078	094098103	064066069071072	064065067068070071
22	H435_22	029030035	032040046048	018	078	088094	065068069	068070072073
22	H436_22	035051	032047051	017018	078	087097098099101	000	068072
22	H437_22	029030035036053	032047	017018019	078	096097	064066069070071072	068069071072073
22	H438_22	029035048050051052	035037041048	017018019	078	087098100	067068070	069071072
22	H439_22	029035036053054	032041	017018	078	095100101	063064065069	068070
22	H440_22	035	032033	017018019	078	085087	068069	069070072
22	H441_22	035	032051	018035	078	085096097	066067068069070	068070071072073
22	H442_22	029035041051053054	032047050051	017018035	078	000	000	000
22	H443_22	035040	032033	017018035	078079	097	063068	064068070071072
22	H444_22	029035047052053	032041048051	017018	078	088096097106	065067068069070071	069070071072
22	H445_22	029035048053054	032041051	017018	078079	087089097	064065066067068069	068069070071073
22	H446_22	029035036053054	032051	017018035	078	096097101102	065066068069070071	065068069072
22	H447_22	026031036041046051	032038043044047	017018035	078079	087093097102103	066067068069	065068069070
22	H448_22	035036041046051	032047	017018	078	087095106	066067068069	063068070072073
22	H449_22	026035036046051	032033044051	017018	078	087094095096097	064065066068069070	065068069071072
22	H450_22	035	032041047051	017018	078	089093097099	066067068070	069070071073
22	H451_22	035036	032039043047048	018	078079	087092	065066068069071	068070071073
22	H452_22	035	032037042051	017018019	078	094096	064066067068069070	069070071
22	H453_22	026035050051	032042047	017018019	078	093094095	064066067068069070	068070071072
22	H454_22	035	032041047051	017018	078	087098099101	063064065066069071	068070071073
22	H455_22	035036	032038051	018	078	091092094102103	066067068069070071	069071072
22	H456_22	035052054	032038040047	017018	078	087089090091099	066067070	068069071072
23	H457_23	034035048	032037040044	017018035	078	093094	065066071	066070071073074
23	H458_23	035048	032040047048	017018	074078	092093	065067071	066068070073074
23	H459_23	038	031032035	018	078	000	066067068069	068070072073
23	H460_23	039	032035048	018035	078	087093	065066071	070071072073074
23	H461_23	035039047050051052	031032035047048	017018023	078	086	066068069	066070071073074
23	H462_23	035036039045047050	035037	017018023035	074078079	095096098099	065066071	066069070071074
23	H463_23	035036039047050052	032035044047	017018019	078	096	058059062066	000
23	H464_23	036039046047050052	032035037044	017018	074078	096	065066068069071	070073074
23	H465_23	036039045046047052	032040041044	017018	074077078	086088096102103	065070071	066071072073
23	H466_23	028029039040	028033037044048	019021025	074077078079	000	000	000
23	H467_23	036039046047050052	032044048	018	074078	091096099102	065070071	069070071073074
23	H468_23	000	000	000	000	088093094	068069	071073
23	H469_23	036039046047050054	032035039044047	016017018	074078	086094096	063066	066070073
24	H470_24	035046047	032033035	022	078	085087090092	065068071	069070071074
24	H471_24	035046047	032044045050	017018022	078	100101	064066067068	069071
24	H472_24	036038046047	031032	017018022	078	000	065068	000
24	H473_24	036045046051054055	032044046	017018022	078079	085094	064065066067068	068070071073
24	H474_24	036041045046054	032046	017018019022	078	000	000	000
24	H475_24	035038045046053055	031032044046048	018022	078	091100	064067068	069070071073
24	H476_24	035045046053054	032039041	017018022	078	092093099	064067	068069070071
24	H477_24	036038041046047054	029031032	017018019022	078	085089097099100104	064066067068069070	066069070071
24	H478_24	026036045046055	032033044045046	018022	078079	097099100104	000	068069070071
24	H479_24	036043045046048055	032033045049	017018022	078	098099100	064067	070071072
24	H480_24	036045046055	032043049	018022	078	090096097100	062064065066067068	068069071072073
24	H481_24	036042046047055	032039044	017018022	078	085092093094101104	067069	070071073
24	H482_24	026036042045046051	032039046	017018019022	078	000	000	000
24	H483_24	026035041045046055	031032043046049	017018022	078	085087089092096100	064067	071072
24	H484_24	026028036041045053	032048	017018022	078	087089091092096	065068	069071
24	H485_24	036046047053	032044045	017018022	078	087092097098099100	063065066068	066069070071
24	H486_24	026036045046055	032040044046	017018022	078	091101104	064066067068	068069071
24	H487_24	026035045046054055	032044046048	018019022	078	085092094100	000	069070071072
24	H488_24	026036038041045046	031032	018022	078	085087090096	064067	069071072
24	H489_24	026036041045046	032039041052	018019022	078	090097	068	068070071072073
24	H490_24	026036041045046	032039045	017018022	078	000	000	000
24	H491_24	026030036041045046	032044046	017018022	078	085095097099100103	000	066068070071073
25	H492_25	036048050	033041053	018	078	096098100	060066067069070071	067070071073
25	H493_25	036048050	033041053	018	078	096098100	060066067069070071	067070
25	H494_25	036048050	033041053	018	078	096098100	060066067069070071	067070
25	H495_25	035036	032041046052	017018	078	096098100	064066067068069	068070071073
25	H496_25	035036039042053	032045048051	017	078	092098102103	064066067068069	071074
25	H497_25	029035036	032048052	018	078079	089092093094	064066067068071	068070071072073
25	H498_25	035036039042048053	032045048051	017	078	092098102103	064066067068069	071074
25	H499_25	036044048050052	029032	017	078	088091103	000	068070071
25	H500_25	030036040041050054	032	017018019	078	091099	000	068070071073074
25	H501_25	035036040050054	032048	018019	078	091092093094	068071	070071
25	H502_25	035036040050053	032040048051052	017	078079	091094	069070072074	065068071072073
25	H503_25	035036040053	032041045048	017018	078079	093099101	000	064068071072
25	H504_25	036040049	032041045052	017018019	078079	088092094098	060068069070	067068070071
25	H505_25	035036	032040048051052	017018	078	087090092098100101	064066	068071072
25	H506_25	029035036039040049	032041046048051	017018	078079	089091098103	064066067069	068070071073
25	H507_25	030035040041042	032041051	017018	078079	000	000	000
25	H508_25	035036039041	041045046048051	017019	078079	091099	067069070072074	070071073074
25	H509_25	035036039040041049	041045046051052	017018	078079	094098103	060068069070074	070071
25	H510_25	029035036040	029031032	017018	078	091103	068069070071074	068071072073
25	H511_25	035051	029038043045046	017018	078	089091	068069	065068071074
25	H512_25	035041051	032038040041	017018	078	091	067068071	068070071
25	H513_25	035036053	032033049	017018	078	088091099103	000	068071074
25	H514_25	029035053	032033038049050	017018019	078	090096	065067068069	070071073
25	H515_25	035036044051055	029032038045	017018	078	091099	060064066067069071	065069070071
25	H516_25	030035036054055	032033038046	017	078	089094098099100103	064066067068	065067071073
25	H517_25	029030035036051054	032045046048052	017018	078	089092098099100101	064066067068069070	070071072
26	H518_26	030036039040045046	031032033	017018022	078	088093107	066068	071
26	H519_26	030036042045046049	031032048	017018022	078	089094101	066068069	070071073
26	H520_26	030036040041045046	030032	017018022	078	089092093094098100	060068069070071072	070071073
26	H521_26	036041045046050053	030032045049	017018022	078	084092093094095101	063064065069070071	069070071
26	H522_26	030036039041045046	032044	017018022	078	085087089093094	068	068069070071072
26	H523_26	029036039042045046	031032045053	017018022	078	093095096	065066067068070071	066069070071074
26	H524_26	029036039045046050	032035037048	017018022	078079	090091093094	066068069070071072	067069070071072073
26	H525_26	026036045046049051	032037045049050	017018022	078	088089092093098099	064065066068	067069071072
26	H526_26	026036041045046050	032040048	017018022	078	087092093094097098	065066067068069070	068070071075076
26	H527_26	026036045046049	031032036037048050	017018022	074078	085089092093098099	064065066069	067068070071073074
26	H528_26	029036044045046049	032048	017018022	078	093094	065066067068	071073075
26	H529_26	036041045046051053	032037040045	017022	078	084089090093099100	063065067068070071	068071072073
26	H530_26	029036039045046053	032036046	017018022	078	088089090092094098	064065066068070	070072073076
26	H531_26	036038039043045046	032045	017018022	078086	085089090093094105	065	070071072
26	H532_26	030036045046049050	040043046050	018022	078	083088092093101105	066067070071073	069070071072
26	H533_26	035036039044045046	032	017018022024	078	091092096098101102	063064066068069070	069070071072
26	H534_26	028035045046050	032044	017018022	078	089090092095096099	064065066067068070	070072073074
26	H535_26	030036039041045046	032040044051052	017018022	074078	088094095096098099	066067068069070071	068070071072
26	H536_26	030036043045046048	032046	018022024	078079	085093094096099100	065066067068069070	068069070071072
26	H537_26	028035042045046050	037040042044048	017018022	078	094095096102	069	068070072074
26	H538_26	036039041045046051	032051053	017022	078	088092094098099	068070	070072073074
26	H539_26	036041045046051	032040048	017018022	078	091092094095096098	062063065066068070	068069072073
26	H540_26	029036045046	032035	017018022	078	084086087088094101	065066071074	071072073
26	H541_26	035039041045046049	032041046	017022	078079	085089092095096	063064065067070	071072073074
26	H542_26	029035036041045046	032043047048050	017018022	078079	085088092094	066067068069070071	069070071
26	H543_26	035039041045046049	032040044	017018022	074078079	085088092094	065066068069070071	070071072073
26	H544_26	029035039045046	032037040046054	017018022	078088	085089096099	067068	068070071073
26	H545_26	029036039045046048	031032044	017018022	074078	094102	063070	065068072073075
26	H546_26	034036045046049051	032040047	017018022	074078079	085092093094099100	062065066067068071	069070071
26	H547_26	029033036044045047	030032038044048	016017018022024	074078079	086088	067	070071072075
27	H548_27	035	031032035	017018	078	094095100	066067070	069071073074
27	H549_27	035036039	032	018035	078	091092094096099103	063065066067068069	070071073
27	H550_27	035	032033046049	017018	078	085096103	070071072073	078079080081082
27	H551_27	029035036052053	040045049	017018041	078079	087094096103	065066067068069	070071072
27	H552_27	028035039043050054	032033035	017018019	078	000	000	000
27	H553_27	029036050052	032040045049054	017018019041	078	087094095101102	067068	069070
27	H554_27	035036053055	032037048	017018019	078	087092093097098	066067068069070071	070071073
27	H555_27	028029036041045	032033044049	017018	078	090094095	064067068069070071	068070071072
27	H556_27	029035	032049050	017018019	078079	087094097103	067068069071	065068069070071073
27	H557_27	035036	032040047054	017018035	078	090094096	066067	066068070072073
27	H558_27	029035036	040045054	017018041	078	094096099	065066	070071072073
27	H559_27	029035036044050	032045046	017018035041	078079	090095096	000	000
27	H560_27	029035036050052053	035040045049	017018019041	078	089093094096099	067069071	068070071077
27	H561_27	029035036045052053	045046054	017018041	078079	087094096099100102	068	070071072073
27	H562_27	035036042052	032044050051	017019035	078	087090093	064065066069	068069070071072
27	H563_27	035036053	032044	017018019035	078079	087090093	064065066067069	068071072073
27	H564_27	035	032046051	017018019	078	087095	067068069071	069070071072
27	H565_27	035036040044050	032037048	017018	078	085091092094097	067068069070071	069070071072073
27	H566_27	035036040	032044049	017018	078079	094	066067070	066071072
27	H567_27	035036050052	032036045054	017018035	078079	096	064067073	068070071073
27	H568_27	028035039054	031033038043	018019	078	087095098101	067068070	070071072073074
27	H569_27	028035036040042052	031032051	017018019	078079	087092094101103	064066067068069070	069071
27	H570_27	036040052054	032033048	018019	078	087090096103104	067	067069070071072
27	H571_27	029035036039050053	032040049055	017018041	077078	087094095096	065066067	069070071072
27	H572_27	035036050053	032037045048	017018019	078	098099	064065066067069	066067070071
27	H573_27	029035045051054	032039044049	018019035041	077078	088091094099	067	069070071
28	H574_28	028034036045046051	030032037038	017018022	073074077078	098099	067069070071072	069071074075
28	H575_28	037040	032038	016017018022	073074077078	095100101	067068	065070071075
28	H576_28	028033036043045046	032033	017018022	074078079	099100101	067069070071072	069070071072073
28	H577_28	029036043045046051	032038045050	017018022	074075078079	095099100	064067068069070072	068071
28	H578_28	029035045046051054	032054	017018022	077078079	098099100	066067068069070071	068069071072074
28	H579_28	028029035039045046	032037047051054	017018022	074078079	099100101	067069070071072	068071072074
28	H580_28	029036040045046048	032037047054	017018022	074078079088	099100101	067068069	065068072073
28	H581_28	029034036041045046	030032046047052	017018022024	074078	095098099100101	066067068069070	068072073
28	H582_28	029034036039045046	030032047049	017018022024	074075078079	098099	067068069070071072	065068071072073
28	H583_28	045046	030033	022	074075078079	091095099	069070	065068069071073075
28	H584_28	029035039045046049	030032048051	017018022	074075078079	094095098	064067069070072	065069070071074
28	H585_28	029034036039045046	030032051053054	017018022	074078	099102	064067	069071072
28	H586_28	028035045046048049	032038049054	017018022	077078	095099101	066067068069070071	065070071075
28	H587_28	029036039045046051	032037047048052	017018022	074078	094099	066069070	070071072074
28	H588_28	034036041045046052	032043046	017022	074078079	095099	064066067068	069072073
28	H589_28	028029036045046050	032038049054	017022	074078079	087	066067068070	065070071072
28	H590_28	029036039040045046	032047	017018022024	074078	092095097	064066067069070072	065071
28	H591_28	029035041045046051	032043049053	017018022	074075078079	095096097	067068069070072	069070071
28	H592_28	029035040045046051	032049051	017018022	074078	097098105	068069071	065070071072
28	H593_28	035039045046048053	032	018022	074075078079	094095102	070	069070071
28	H594_28	029035039045046051	032048	017018022	078079	093102	066067068069070072	065069070071073
29	H595_29	041046	032039048050053	018019036	078	090094095101	060066067068070071	071072073
29	H596_29	035040041	032033044	018	078	087088090	066067071	070071074
29	H597_29	035041	032	017018	078	090092094	067068069071	070071072073074
29	H598_29	035041046	031039046048049	017018035036	078079	085087092095098105	068070071073	068069070071
29	H599_29	039041045	032037049050	017036	078	095097101	066067068	068070071072
29	H600_29	035036047	032039	018019	079	095098103	063064065066	068071073074
29	H601_29	035046049	032039040043	017018	078079	085090098099	068069	068070071073
29	H602_29	041047050	032039	018	079	095098099	067068071	068071074
29	H603_29	043	032039050	017036	078	088098099102	063065	069070071
29	H604_29	034035041	032039051	017019	078	095098	067069070	068070071073
29	H605_29	035036045050	032051	018	078079	092094095099102104	063064	069070071074076
29	H606_29	036041	032039050	018	078079	095098099101	067068069071	069070071074
29	H607_29	035047049	032043	018	078079	092095099101	067	068071073
29	H608_29	035041049	032048050	017018035036	078	090091092094096097	065066072	069071072073
29	H609_29	035041	032043	018	078079	085087095097098	067069071072073	071072074
29	H610_29	035041047052	032039040049050	018	078	090097101	066067068071073	068070071072
29	H611_29	035036044	031032039049	017018019	078079	085087092094095	067068069071073	069070071072
29	H612_29	035043044	032039040043	018035	078079	087098099	068	068070071072073
29	H613_29	036041	032037039050	018019035	078079	087092094095	068071073	068071072074
29	H614_29	028029036037051052	032048	018	078	087091098103104	065071	065068069071073
29	H615_29	000	000	000	000	087094099	063065067068069070	070071073
29	H616_29	035039041	034039052	023026	074078079	090092095	068071	065068071
29	H617_29	000	000	000	000	090	068070071	065066070071074
29	H618_29	036042051052	032034040	023	074078	087095098099	060065068069070072	069071072074
29	H619_29	029035036041049	032037039044	018023035036	078	085087090092	064066067068071072	068071072074
29	H620_29	036041047051	032033037039044	017018019035	074078079	097101	065066067071072073	066067070071
29	H621_29	029035047050052	032046048050	018022035036	078	091101	067068069070	067069070071073
29	H622_29	030036041046051052	032039	017018019022	078079	095098	065068	066067070071074
29	H623_29	000	000	000	000	087092095098	060066068069071	070071074
29	H624_29	033038049050051052	033039040049050052	019023	074078079	000	000	000
30	H625_30	036041044	032051052	017018019	077078	094098099	060064067068069070	068070071
30	H626_30	000	000	000	000	094098099	060068069072	068
30	H627_30	038042044	033038039051052058	018019020	074078	000	060064066067068069	068071072
30	H628_30	039042	032043052053054	017018032035036040	078	093094098099	060066067068069070	068070
30	H629_30	035043	032039041052054	017035	078	093094	060064065066069	068070071
30	H630_30	036039	032052	017018036	078	094098099	064065066068	068070071
30	H631_30	036039	041052058	017018036	078	088094	060064067068169070	070
30	H632_30	035036043045	032040041052053054	017018035	078	088094098099103	060066067068070	068070071077
30	H633_30	036039052	032041058	017018019	077078	090095096101	060064068069070071	068069071077
30	H634_30	036041	032052	018035036	077078	093094097098099	060067068070	068070071077
30	H635_30	035036044	032	018024035036	078	092093094095104	060064068069070	068071077
30	H636_30	035036039043052	032041054058	017018019023036	078	092095096104108	060064067068069070	068070
30	H637_30	035036	032039052	017019023036	078	093095104	066068071072	068069070
30	H638_30	035039	032040051052	017018	078	092094101	066067068	068069070071
30	H639_30	039	032039051058	017018019023	078	093094096099101	060067068069070	068069071
30	H640_30	036052	031032051052	017018019023	078	094096098099101	064065066067068	068070071
30	H641_30	035044052	032039049052054	017018019023	078	091092098099101	060064065066067069	068070
30	H642_30	000	032040054	017018023035	078	093101102	066067068069	068070071073074
30	H643_30	036	039041052	017018019023	078	088097098099102	060064068069	068070
30	H644_30	035036039044052	051052	017023	078	092093094097098099	066	068070071076
30	H645_30	035036041045	032039041052053	018019	078	094097098099	060064065066069	068070071
30	H646_30	036039	032039048051	018023036	078	000	000	000
30	H647_30	038039	032054	017018019036	078	093094099101	060064069071073	068070071
30	H648_30	035039044	032040054	017018023	078	087092098099	067	068069070071
31	H649_31	038	032041048050	018019035	078	086093	063064065071	066068069070071
31	H650_31	038	031032044	017019	078	086093	065067068069070071	070071
31	H651_31	039	032	018	078	000	063064066071	068070071
31	H652_31	035039	032049	017018	078	087093094	065071	070071
31	H653_31	035038	032035039048	017018035	078	000	000	000
31	H654_31	035038039	032039041049	017018	078	000	063064065066071	068071073074
31	H655_31	036039	030032041	017018019	078	095098102103104	063064065066071	068070071074
31	H656_31	039	032035	018019	078	089091093094099	065071	070071
31	H657_31	035039050	032041	017018019035	078	086092	000	066071072074
31	H658_31	036039043044	031032051	017018019	078	087090098104	065071	068070073
31	H659_31	035036043050	032049	017019	078079	086090098	064065066072	068070071
31	H660_31	035036044050	032041	017018024	078	090096	065068071	068069070071073
31	H661_31	038044045050	031032044	017018035	078	086092093096103	000	070071074
31	H662_31	035051052	031032048049	017018	078079	086087093096	064065066071	070071
31	H663_31	035036044047	031032041	017018	078	093	065071	070071074
31	H664_31	038039043	032040041050055	017018	078	095099	065071	070071074
31	H665_31	038039043	032040041050055	017018	078	096099103104	060066068069072	068069071
31	H666_31	035039041	030031032035041046	018	078	086087093096099	064065066067071072	068069070071
31	H667_31	035039	031032	018019	078	086087094096107	065067071	070071074
31	H668_31	035038039	032039	017018	078079	086089093098104	067068	068069071074077
31	H669_31	035038039	032041050051	017018	078	086090093096	063064065066071072	068070071
31	H670_31	035039041	032046	018	078	086099	064066072	070071072
32	H671_32	030035039043051052	032039044	017018023	078079	087	063064065066067068	071072073
32	H672_32	030035039051052	032039044	017018023	078	000	063064065066	068070071074
32	H673_32	029036044052	031032040	017018023	078	087091101	065066068069071	070071073074
32	H674_32	029036043044052	031032037044	017018023	078	087091093	066068069	065070074077
32	H675_32	036051052	032039044	017018023	078	091096	065067070071	070071077
32	H676_32	029036038039051052	032044050	017018023	078	087091104	065070071	066068070074
32	H677_32	029036052053	032037039040	018023	078	096101104	063064066067	068069070071
32	H678_32	029035036052	032037040044048	017018023	078	096	063064065067071	068069071073077
32	H679_32	029036039041052	032037039050	017018023	078	091093101103104	068069	068071072073
32	H680_32	039044052	032040044051	017018023	078	096	067	068069070071074
32	H681_32	030035036039051052	032039040051	017018023	078079	096	063064067	069070073074077
32	H682_32	000	000	000	000	096	063064065066067	070071
32	H683_32	035036044051052	032040050	017018023	078079	088091092094098104	064065066068069071	065068071072074
32	H684_32	035038044051052	032040044050	017018023	078	096	063064066067	068070071
32	H685_32	029035036039044052	032039046050	017018023	078	091096101104	064065066070071072	068070071074
32	H686_32	000	000	000	000	087096	064065066069	069072074077
32	H687_32	036043046047051052	032034039040	023	078	087104	064065066067071	065069070071074
32	H688_32	029036046052	031032044	017018023	078	088091099	066067068069	068070071072
32	H689_32	035038046047050052	032035051	017018023	078	087091	066067068	070071072074077
32	H690_32	035036041046047053	031032040044	017018023	078	088093104	064065066068069	069070071074
32	H691_32	046047	034040044	023	000	087091096	063064	068069070071074077
32	H692_32	000	000	000	000	096101	066	065068069071072
32	H693_32	035036041044046052	032035037040	017018023030	077	087088093	067	070071072073
32	H694_32	039044052	032039040	017018	078	086091104	063064	069070073074
32	H695_32	035036052	032040	018035	078	086099101104	065067071	065071073
32	H696_32	035038039	032044050	017018	079	088103104	065067071	069071073
32	H697_32	035036041053	032040044	017018	078	086093094107	065067071	071072077
32	H698_32	035039052	032039044	017018	078	091096101	064065066068069	070071074
32	H699_32	039044	032040044051	017018	078	093098104	063064065066067	068069071077
32	H700_32	035044050	032039040041044050	017018	078	096	065066071	068070071074077
32	H701_32	036051052	032040	017018035	078079	086089096101	065070071	068069070071
32	H702_32	035043051052	032035039048	017018	077078	092101	064066067	065068070071073077
32	H703_32	036043044	032044048	018	078079	093101	064065066071	068071073077
33	H704_33	035039052	032040050	017018023	079	087	066067068	068069071073074077
33	H705_33	029036039052053	032039048	017018023	079	087	065066068069071	071073
33	H706_33	036	031032037040	017018023	078	087	064065066068071	068069070071
33	H707_33	036039046047051	032039050	017018023	078	087	064065066067	069071072073074
33	H708_33	035036046047051052	034035039040	023	078	087	064065066071	069072073
33	H709_33	035036043046047052	032042049	017018023	078079	087	063064065066	071072074077
33	H710_33	035036043045047052	032039040050	017018023	079	096	000	070071073074
33	H711_33	035036046047051052	032040044	017018023	078079	104	064066067072	070071073077
33	H712_33	029035036046047052	031032039040	017018023	078079	087104	000	070074
33	H713_33	036039	031032040	016017018023	078	087	064065066071072	070071073074077
33	H714_33	035036047051052053	039040050	017018023	078079	089096104	000	069070071072073
33	H715_33	029035036052	031032040044	017018023	078	087096	063064066067	069070071074
33	H716_33	036039047052	030032037051	017018023	078	086	000	000
33	H717_33	029036039051052	032039048	017018023	078079	087096	064065066068069071	065070072073074
33	H718_33	035036039044	031032044048	017018023	078079	087096	064065066068069071	065069070072073
33	H719_33	029036043051052053	032039040048	017018023	078079	087	065066068069071	065070072074
33	H720_33	000	000	000	000	087104	063064065071	069071072
33	H721_33	036039043046047052	032037039040044048	017018023	078	087096	064065066068	065070073077
33	H722_33	029035047	039040048050	017018	077078	086089098101103104	063064065066071	069071073
33	H723_33	029035038039047052	032040048	017018	078	000	000	000
33	H724_33	035036047052	032040	017018	078079	087088093102104	066	071072074077
33	H725_33	029035036039047052	031032037040044	018	077078	000	000	000
33	H726_33	035036051052	032040048	017018	078	087089091096098104	065068071	068069071073074077
33	H727_33	035043050	031032044050	017018	078079	087092093098104	063064067	069071073074077
33	H728_33	035039052	032035039040044	017018	078	091096103104	064065066068071072	069070071073074
33	H729_33	039043	032037040	017018	078079	087091094098103104	063064	068069074
33	H730_33	035043	032040046	017018	078	087088091093094104	064065066068	068070071077
33	H731_33	035043044	032044050	017018	078	087093100109	064065066	071073077
33	H732_33	035039052	032044	017018	078	087091101107	065066071	071072074
33	H733_33	036039052	030032040	017018	078	094096066103104	060066068069072	068069071
33	H734_33	035038039051052	032037039048050	017018	078079	086093101	064065066071072	070071073074077
33	H735_33	036038051052	032037040048	017018035	078079	086096104	065068069071	065068069070071074
