		F58red	A12green	B3blue	A415black	G431blue	J15green	H231red
		-9	-9	-9	-9	-9	-9	-9
D1_1	1	88	96	149	-9	274	195	144
D1_1	1	90	117	157	-9	274	198	144
D2_1	1	80	123	129	174	256	195	142
D2_1	1	80	123	165	174	286	198	142
D3_1	1	88	123	129	166	277	198	144
D3_1	1	92	129	165	180	292	198	144
D4_1	1	88	120	129	180	253	195	144
D4_1	1	90	123	157	194	277	198	144
D5_1	1	88	123	129	186	256	198	144
D5_1	1	88	123	157	188	292	198	146
D6_1	1	78	114	129	170	274	195	144
D6_1	1	78	114	165	176	277	195	144
D7_1	1	78	93	129	180	256	195	142
D7_1	1	82	132	141	182	280	198	144
D8_1	1	88	93	145	190	253	195	144
D8_1	1	88	126	157	190	277	198	146
D9_1	1	88	93	129	-9	256	195	144
D9_1	1	88	123	141	-9	283	198	144
D10_1	1	76	117	129	178	256	195	144
D10_1	1	88	117	149	178	268	198	144
D11_1	1	88	123	141	182	256	195	144
D11_1	1	88	126	161	198	271	198	144
D12_1	1	78	117	129	180	262	198	144
D12_1	1	92	129	141	180	280	198	144
D13_1	1	78	120	129	-9	274	195	144
D13_1	1	88	120	129	-9	280	198	144
D14_1	1	86	114	129	176	256	195	144
D14_1	1	88	117	157	176	277	198	144
D15_1	1	88	126	129	170	277	198	144
D15_1	1	88	129	161	170	277	198	144
D16_1	1	88	93	141	188	256	195	144
D16_1	1	88	117	161	202	280	198	144
D17_1	1	88	93	157	170	277	195	144
D17_1	1	88	126	161	170	292	198	144
D18_1	1	78	114	129	202	268	195	144
D18_1	1	90	117	129	202	274	198	144
D19_1	1	76	93	129	182	280	195	144
D19_1	1	88	117	129	182	286	195	146
D20_1	1	78	96	129	198	256	195	144
D20_1	1	86	117	129	200	283	198	144
D21_1	1	78	96	157	192	256	198	144
D21_1	1	78	117	169	198	271	198	144
D22_1	1	80	93	129	178	256	195	144
D22_1	1	88	117	129	202	271	198	146
D23_1	1	78	114	157	182	256	198	144
D23_1	1	88	123	161	182	277	198	144
D24_1	1	78	117	129	176	277	195	144
D24_1	1	88	138	165	180	280	198	144
D25_1	1	82	132	129	186	265	195	144
D25_1	1	90	138	141	188	280	198	144
D26_1	1	78	-9	-9	-9	256	198	144
D26_1	1	88	-9	-9	-9	280	198	144
D27_1	1	80	117	157	178	265	198	144
D27_1	1	88	126	165	180	271	201	144
D28_1	1	88	114	129	180	280	195	144
D28_1	1	88	114	129	182	292	198	144
D29_1	1	76	93	157	182	274	195	144
D29_1	1	88	135	157	182	289	198	144
D30_1	1	78	96	129	178	268	186	144
D30_1	1	88	129	141	190	280	195	146
D31_2	2	78	129	129	184	256	198	144
D31_2	2	86	129	161	190	271	204	144
D32_2	2	78	114	157	170	274	195	142
D32_2	2	86	114	173	170	274	198	144
D33_2	2	78	117	157	184	256	195	144
D33_2	2	86	132	157	190	256	195	144
D34_2	2	78	123	129	170	-9	-9	-9
D34_2	2	86	123	165	184	-9	-9	-9
D35_2	2	82	129	129	184	274	195	144
D35_2	2	86	129	153	190	274	198	144
D36_2	2	76	117	157	170	256	195	144
D36_2	2	86	129	157	170	274	198	144
D37_2	2	78	129	129	174	256	195	144
D37_2	2	82	132	129	182	271	198	144
D38_2	2	78	117	129	180	274	195	142
D38_2	2	84	132	165	190	289	198	144
D39_2	2	76	129	157	182	256	195	144
D39_2	2	78	129	157	184	256	198	144
D40_2	2	76	117	129	184	256	195	144
D40_2	2	84	171	165	192	271	198	144
D41_2	2	78	132	129	176	256	195	144
D41_2	2	82	132	157	182	289	204	144
D42_2	2	78	129	129	176	256	195	144
D42_2	2	82	129	157	176	274	195	144
D43_2	2	82	117	129	184	256	195	142
D43_2	2	86	132	157	190	274	198	142
D44_2	2	78	129	129	182	256	195	142
D44_2	2	82	129	153	182	274	198	144
D45_2	2	78	114	129	176	256	195	144
D45_2	2	78	114	129	194	271	198	144
D46_2	2	78	129	129	176	256	195	144
D46_2	2	82	129	153	192	256	198	144
D47_2	2	76	117	157	170	256	195	142
D47_2	2	86	117	157	184	289	198	144
D48_2	2	78	129	129	180	-9	195	142
D48_2	2	86	129	165	182	-9	198	144
D49_2	2	78	-9	157	-9	-9	195	144
D49_2	2	82	-9	157	-9	-9	198	144
D50_2	2	78	-9	157	-9	-9	195	144
D50_2	2	86	-9	157	-9	-9	195	144
D51_2	2	82	-9	129	174	256	195	144
D51_2	2	86	-9	129	182	274	195	144
D52_2	2	76	129	129	182	256	198	142
D52_2	2	78	129	157	182	274	204	144
D53_3	3	76	117	129	168	256	195	144
D53_3	3	86	132	165	194	256	195	144
D54_3	3	78	117	129	184	256	198	144
D54_3	3	78	117	165	184	283	201	144
D55_3	3	78	135	141	186	271	195	144
D55_3	3	86	153	157	185	277	198	144
D56_3	3	80	117	141	200	271	195	144
D56_3	3	80	132	141	202	274	195	144
D57_3	3	80	120	129	196	271	195	144
D57_3	3	80	132	141	198	274	195	144
D58_3	3	80	93	165	186	-9	198	144
D58_3	3	80	93	165	196	-9	201	144
D59_3	3	86	117	129	186	256	195	144
D59_3	3	86	117	165	186	283	201	144
D60_3	3	-9	-9	-9	-9	271	195	144
D60_3	3	-9	-9	-9	-9	274	198	146
D61_3	3	86	117	129	182	271	195	144
D61_3	3	86	117	165	200	280	198	144
D62_3	3	80	117	129	186	256	195	144
D62_3	3	86	117	165	188	280	195	144
D63_3	3	78	114	141	184	-9	195	144
D63_3	3	84	117	165	192	-9	201	146
D64_3	3	78	117	-9	186	256	201	142
D64_3	3	78	132	-9	190	286	201	144
D65_3	3	76	132	129	184	256	195	144
D65_3	3	78	132	129	196	274	198	144
D66_3	3	76	132	141	168	-9	-9	-9
D66_3	3	78	132	141	186	-9	-9	-9
D67_3	3	80	135	129	194	256	195	144
D67_3	3	80	138	165	194	274	195	144
D68_3	3	78	117	129	194	256	195	144
D68_3	3	78	132	129	196	277	195	144
D69_3	3	80	135	129	190	274	195	144
D69_3	3	80	138	141	200	280	198	144
D70_3	3	78	114	165	184	271	195	142
D70_3	3	78	114	165	184	271	195	142
D71_3	3	78	117	129	188	256	195	144
D71_3	3	86	117	169	196	280	198	144
D72_3	3	78	117	129	184	256	198	144
D72_3	3	86	117	165	186	274	201	144
D73_3	3	78	135	129	-9	256	198	144
D73_3	3	78	159	165	-9	274	201	144
D74_4	4	78	96	129	190	274	195	136
D74_4	4	78	114	165	190	280	198	144
D75_4	4	84	123	129	176	274	195	136
D75_4	4	86	168	157	178	277	198	144
D76_4	4	84	123	121	200	277	198	144
D76_4	4	86	129	129	202	280	198	146
D77_4	4	78	111	129	174	274	198	142
D77_4	4	82	123	165	196	280	198	144
D78_4	4	-9	-9	-9	-9	271	195	144
D78_4	4	-9	-9	-9	-9	277	198	144
D79_4	4	78	111	129	176	265	195	144
D79_4	4	86	111	165	196	274	198	146
D80_4	4	78	111	129	194	268	195	142
D80_4	4	82	168	157	200	274	198	144
D81_4	4	78	93	129	174	274	189	144
D81_4	4	88	93	157	178	274	198	144
D82_4	4	80	111	129	194	274	198	144
D82_4	4	80	123	157	196	274	198	144
D83_4	4	-9	-9	-9	-9	268	198	144
D83_4	4	-9	-9	-9	-9	283	198	144
D84_5	5	78	114	129	176	253	195	144
D84_5	5	80	123	129	184	274	195	144
D85_5	5	78	114	165	172	274	195	144
D85_5	5	88	141	165	184	274	195	144
D86_5	5	78	114	145	174	271	195	144
D86_5	5	86	138	161	176	277	198	144
D87_5	5	86	114	129	174	274	195	144
D87_5	5	88	138	145	184	274	195	144
D88_5	5	78	114	165	174	274	195	144
D88_5	5	88	123	165	180	280	195	144
D89_5	5	78	114	145	176	274	195	144
D89_5	5	78	114	161	184	283	201	144
D90_5	5	78	114	161	184	271	195	144
D90_5	5	78	123	161	184	274	195	144
D91_5	5	78	132	129	180	265	195	144
D91_5	5	94	132	153	186	274	195	146
D92_5	5	78	114	149	176	250	195	144
D92_5	5	78	114	161	176	283	204	144
D93_5	5	78	114	-9	174	253	195	144
D93_5	5	86	138	-9	174	274	195	144
D94_5	5	78	123	145	176	253	195	144
D94_5	5	88	138	145	176	274	195	144
D95_5	5	80	96	153	174	274	195	144
D95_5	5	88	123	153	174	277	195	144
D96_5	5	82	120	145	176	256	195	144
D96_5	5	94	132	165	180	280	204	144
D97_5	5	84	117	-9	180	274	195	144
D97_5	5	94	132	-9	180	280	195	144
D98_5	5	90	123	129	192	280	195	144
D98_5	5	94	132	165	194	280	195	144
D99_5	5	78	132	145	172	-9	195	144
D99_5	5	94	132	165	178	-9	195	144
D100_5	5	82	120	145	170	-9	195	144
D100_5	5	88	129	165	184	-9	195	144
D101_5	5	88	120	145	170	-9	195	144
D101_5	5	90	129	145	184	-9	195	146
D102_5	5	78	129	129	166	-9	195	144
D102_5	5	88	129	165	182	-9	198	144
D103_5	5	80	96	145	176	274	195	144
D103_5	5	88	123	165	178	277	195	146
D104_5	5	82	120	129	178	-9	195	144
D104_5	5	82	120	165	182	-9	198	146
D105_5	5	82	120	153	174	-9	195	144
D105_5	5	88	120	153	186	-9	198	144
D106_5	5	78	117	129	166	-9	195	144
D106_5	5	82	123	161	178	-9	195	146
D107_5	5	80	114	133	174	-9	195	144
D107_5	5	80	117	161	174	-9	198	144
D108_5	5	76	120	153	174	-9	195	144
D108_5	5	88	132	161	174	-9	195	144
D109_6	6	82	120	153	178	274	198	142
D109_6	6	88	132	153	184	289	198	142
D110_6	6	82	93	129	182	274	198	142
D110_6	6	86	126	153	192	274	198	142
D111_6	6	82	129	153	176	271	198	142
D111_6	6	82	129	165	182	280	198	142
D112_6	6	78	114	129	180	-9	198	142
D112_6	6	86	129	129	182	-9	198	144
D113_6	6	82	132	129	170	271	198	144
D113_6	6	86	138	129	178	280	198	144
D114_6	6	78	114	129	172	274	198	142
D114_6	6	82	117	153	186	274	201	144
D115_6	6	82	126	129	182	277	198	142
D115_6	6	86	132	129	184	280	198	144
D116_6	6	82	120	153	188	274	198	142
D116_6	6	86	138	165	190	274	198	144
D117_6	6	78	114	129	180	274	198	144
D117_6	6	86	126	129	180	277	198	144
D118_6	6	78	114	129	180	277	198	142
D118_6	6	86	129	153	186	280	201	144
D119_6	6	78	117	129	178	274	198	140
D119_6	6	86	132	153	194	280	198	144
D120_6	6	86	93	129	184	274	198	142
D120_6	6	88	168	153	194	274	201	144
D121_6	6	80	132	153	178	274	198	142
D121_6	6	82	150	153	182	280	198	142
D122_6	6	78	114	129	174	274	198	142
D122_6	6	82	120	165	186	274	198	144
D123_6	6	78	114	129	182	274	198	142
D123_6	6	82	120	153	184	274	198	142
D124_6	6	80	129	129	178	271	198	142
D124_6	6	82	150	153	182	280	198	142
D125_6	6	80	120	129	178	274	198	142
D125_6	6	80	150	165	182	280	198	144
D126_6	6	82	93	129	182	271	195	142
D126_6	6	88	120	153	182	274	198	144
D127_6	6	80	138	129	184	274	198	142
D127_6	6	88	150	153	194	280	198	142
D128_6	6	82	132	129	184	277	198	142
D128_6	6	82	132	153	186	280	198	144
D129_6	6	78	120	153	184	280	198	142
D129_6	6	82	138	165	186	280	198	142
D130_6	6	82	93	129	168	277	198	142
D130_6	6	86	132	129	178	289	201	142
D131_6	6	82	126	129	184	283	198	142
D131_6	6	86	132	153	192	289	198	142
D132_7	7	78	120	129	168	-9	195	142
D132_7	7	78	120	129	168	-9	195	144
D133_7	7	78	120	129	176	-9	195	144
D133_7	7	88	123	157	176	-9	198	146
D134_7	7	80	126	153	192	274	195	142
D134_7	7	88	135	157	192	274	198	144
D135_7	7	80	120	153	182	271	195	144
D135_7	7	88	120	153	184	277	195	144
D136_7	7	82	120	153	168	280	195	144
D136_7	7	90	120	153	170	289	195	146
D137_7	7	80	120	133	176	-9	-9	-9
D137_7	7	88	126	141	176	-9	-9	-9
D138_7	7	78	120	129	178	-9	195	144
D138_7	7	78	126	141	184	-9	198	144
D139_7	7	78	138	129	178	-9	195	144
D139_7	7	88	141	129	196	-9	198	144
D140_7	7	80	120	129	170	-9	195	144
D140_7	7	90	120	153	194	-9	198	144
D141_7	7	80	120	129	180	-9	195	142
D141_7	7	88	123	145	180	-9	195	146
D142_7	7	78	120	153	176	295	195	142
D142_7	7	78	141	157	180	295	198	146
D143_7	7	78	117	129	184	-9	195	146
D143_7	7	80	135	129	184	-9	195	146
D144_8	8	78	123	129	186	271	195	142
D144_8	8	82	132	129	198	274	198	144
D145_8	8	-9	-9	-9	-9	289	195	142
D145_8	8	-9	-9	-9	-9	289	198	144
D146_8	8	82	93	129	178	256	195	144
D146_8	8	82	123	129	200	256	198	146
D147_8	8	82	123	129	188	277	195	144
D147_8	8	86	129	153	188	286	195	144
D148_8	8	-9	-9	-9	-9	256	195	144
D148_8	8	-9	-9	-9	-9	256	195	144
D149_8	8	84	93	129	170	274	195	144
D149_8	8	84	123	161	196	274	198	144
D150_8	8	78	129	129	178	286	198	142
D150_8	8	82	132	161	182	289	201	144
D151_8	8	78	93	129	166	274	195	144
D151_8	8	78	150	157	172	274	195	144
D152_8	8	78	114	161	174	274	195	144
D152_8	8	82	129	165	194	277	195	144
D153_8	8	78	114	129	172	271	195	144
D153_8	8	86	147	129	190	274	195	146
D154_8	8	78	-9	129	176	-9	195	144
D154_8	8	86	-9	161	186	-9	198	144
D155_8	8	80	-9	129	166	-9	195	144
D155_8	8	80	-9	129	168	-9	198	144
D156_8	8	84	-9	153	172	-9	195	142
D156_8	8	86	-9	157	176	-9	198	146
D157_8	8	82	-9	129	-9	-9	-9	-9
D157_8	8	86	-9	129	-9	-9	-9	-9
D158_8	8	80	-9	129	172	292	195	142
D158_8	8	86	-9	157	176	292	198	144
D159_8	8	78	-9	129	-9	-9	195	142
D159_8	8	82	-9	157	-9	-9	204	144
D160_8	8	80	-9	129	176	-9	195	144
D160_8	8	82	-9	161	186	-9	195	144
D161_8	8	78	-9	129	-9	-9	-9	142
D161_8	8	82	-9	153	-9	-9	-9	144
D162_9	9	80	114	129	186	256	198	140
D162_9	9	80	132	129	186	274	198	146
D163_9	9	78	126	129	174	274	195	146
D163_9	9	88	129	165	188	286	198	146
D164_9	9	86	93	129	184	274	198	144
D164_9	9	88	129	165	188	277	204	146
D165_9	9	78	93	129	168	271	195	142
D165_9	9	86	126	129	180	271	198	144
D166_9	9	78	126	129	182	271	198	144
D166_9	9	84	129	129	182	292	198	144
D167_9	9	86	93	129	186	271	195	144
D167_9	9	86	126	129	188	274	198	144
D168_9	9	76	120	129	178	271	198	144
D168_9	9	82	129	129	188	277	198	144
D169_9	9	82	93	129	186	274	195	144
D169_9	9	86	126	129	196	298	198	144
D170_9	9	82	120	129	188	274	198	144
D170_9	9	82	126	129	196	277	198	144
D171_9	9	82	114	129	184	271	195	142
D171_9	9	86	129	165	188	295	198	144
D172_9	9	78	126	129	170	292	198	144
D172_9	9	80	129	157	196	292	198	146
D173_9	9	76	120	129	186	286	198	144
D173_9	9	88	132	129	188	286	198	144
D174_9	9	86	126	129	178	298	198	144
D174_9	9	86	129	157	188	298	198	144
D175_9	9	78	129	129	170	274	195	144
D175_9	9	84	129	157	182	274	198	144
D176_9	9	78	117	129	170	274	195	144
D176_9	9	84	126	153	194	274	198	144
D177_9	9	78	126	129	194	274	195	144
D177_9	9	82	126	157	198	274	198	144
D178_9	9	82	126	129	172	274	198	144
D178_9	9	86	129	129	172	277	201	146
D179_9	9	86	93	129	188	256	195	144
D179_9	9	88	126	153	190	277	198	144
D180_9	9	80	126	129	176	274	195	144
D180_9	9	82	129	157	188	274	198	144
D181_9	9	76	126	157	188	274	195	144
D181_9	9	82	129	161	196	292	198	144
D182_9	9	76	126	129	182	274	195	144
D182_9	9	86	129	129	184	277	198	144
D183_9	9	82	93	129	184	277	195	144
D183_9	9	86	117	129	186	295	198	144
D184_9	9	84	129	129	198	274	195	144
D184_9	9	86	129	161	200	274	198	144
D185_9	9	80	126	129	168	271	198	142
D185_9	9	86	126	129	176	271	201	144
D186_10	10	74	102	161	170	259	198	144
D186_10	10	78	117	161	190	271	201	146
D187_10	10	78	117	121	178	259	195	142
D187_10	10	80	135	161	188	283	201	144
D188_10	10	78	117	157	180	256	195	146
D188_10	10	80	135	161	188	256	201	146
D189_10	10	78	117	129	168	256	198	142
D189_10	10	80	120	157	182	277	201	146
D190_10	10	76	102	157	178	253	195	144
D190_10	10	80	117	157	178	271	201	146
D191_10	10	76	102	129	178	256	198	142
D191_10	10	80	117	157	178	283	201	146
D192_10	10	78	135	121	180	256	198	144
D192_10	10	82	135	129	202	271	201	146
D193_10	10	72	117	129	174	253	198	144
D193_10	10	80	135	161	188	271	201	144
D194_10	10	74	99	121	178	268	195	146
D194_10	10	80	102	157	182	280	201	146
D195_10	10	78	102	153	178	277	198	142
D195_10	10	78	120	157	186	280	201	144
D196_10	10	78	111	157	186	256	195	144
D196_10	10	82	120	161	188	256	201	144
D197_10	10	76	117	121	174	271	195	142
D197_10	10	78	117	161	194	283	201	144
D198_10	10	78	117	121	178	259	195	144
D198_10	10	78	120	161	188	280	198	146
D199_10	10	78	117	161	188	271	198	144
D199_10	10	78	135	161	188	280	201	146
D200_10	10	80	117	121	180	250	198	144
D200_10	10	80	117	157	182	274	201	146
D201_10	10	76	111	161	188	268	201	144
D201_10	10	78	135	161	198	280	201	146
D202_10	10	78	102	153	178	253	195	142
D202_10	10	86	141	157	178	274	201	146
D203_10	10	76	111	157	198	259	195	142
D203_10	10	82	120	161	200	283	195	146
D204_10	10	76	126	161	188	253	195	144
D204_10	10	78	135	161	196	256	201	144
D205_10	10	78	135	157	178	265	195	142
D205_10	10	86	141	161	196	277	201	146
D206_11	11	84	114	129	180	256	198	142
D206_11	11	86	126	129	192	289	198	144
D207_11	11	76	114	129	180	256	195	142
D207_11	11	84	123	129	192	289	198	144
D208_11	11	76	114	129	180	256	195	142
D208_11	11	84	123	129	194	256	198	144
D209_11	11	80	123	129	168	271	195	142
D209_11	11	84	123	141	192	286	198	144
D210_11	11	80	117	141	168	271	198	144
D210_11	11	82	132	145	178	277	198	144
D211_11	11	86	117	129	174	289	195	144
D211_11	11	86	126	141	188	289	198	144
D212_11	11	88	126	141	178	277	195	144
D212_11	11	88	144	157	180	277	198	144
D213_11	11	80	117	141	170	274	195	142
D213_11	11	80	153	157	172	274	198	144
D214_11	11	80	114	129	182	274	195	142
D214_11	11	82	129	129	198	277	198	144
D215_11	11	76	96	157	174	265	195	144
D215_11	11	80	144	157	188	277	195	144
D216_11	11	80	129	129	168	250	195	140
D216_11	11	80	129	157	182	277	195	142
D217_11	11	-9	132	149	170	265	195	144
D217_11	11	-9	144	157	188	277	195	144
D218_11	11	84	120	153	186	250	195	140
D218_11	11	86	144	153	188	301	195	144
D219_11	11	84	114	153	194	265	195	142
D219_11	11	86	120	157	196	274	198	144
D220_11	11	80	102	129	176	274	195	140
D220_11	11	88	132	161	188	274	198	144
D221_11	11	80	117	129	172	271	195	140
D221_11	11	84	153	157	186	271	195	144
D222_11	11	80	132	129	172	250	195	140
D222_11	11	80	153	129	188	271	195	140
D223_11	11	80	144	141	178	277	195	140
D223_11	11	88	144	157	188	289	198	144
D224_11	11	84	117	129	174	265	195	144
D224_11	11	86	132	141	176	289	201	144
D225_11	11	84	120	157	188	265	195	140
D225_11	11	86	144	157	190	277	198	144
D226_11	11	80	132	157	188	265	195	142
D226_11	11	80	144	157	188	286	195	144
D227_12	12	78	117	161	170	-9	195	144
D227_12	12	90	138	161	188	-9	195	144
D228_12	12	88	114	141	168	-9	195	144
D228_12	12	88	138	141	180	-9	198	144
D229_12	12	78	120	141	168	-9	195	144
D229_12	12	88	138	141	178	-9	195	144
D230_12	12	76	114	145	200	274	195	142
D230_12	12	76	138	145	200	274	198	144
D231_12	12	80	111	149	170	-9	195	144
D231_12	12	82	111	149	176	-9	195	144
D232_12	12	80	138	141	170	274	195	144
D232_12	12	90	147	141	170	274	195	144
D233_12	12	82	111	141	170	-9	195	144
D233_12	12	90	138	141	170	-9	195	144
D234_12	12	78	93	141	-9	274	195	144
D234_12	12	78	93	165	-9	274	195	144
D235_12	12	82	-9	161	-9	-9	195	144
D235_12	12	82	-9	161	-9	-9	195	146
D236_12	12	82	93	129	168	-9	192	144
D236_12	12	86	111	141	188	-9	195	144
D237_12	12	88	120	141	174	274	195	144
D237_12	12	88	138	141	174	280	195	144
D238_12	12	88	120	141	174	277	195	144
D238_12	12	88	120	161	174	280	195	146
D239_12	12	76	93	141	170	274	195	144
D239_12	12	88	114	165	180	277	195	146
D240_12	12	-9	120	-9	-9	274	195	142
D240_12	12	-9	120	-9	-9	286	195	146
D241_12	12	76	138	129	-9	274	195	142
D241_12	12	80	147	129	-9	274	195	144
D242_12	12	78	93	165	180	256	195	142
D242_12	12	88	93	165	198	280	195	144
D243_12	12	76	111	141	-9	274	195	142
D243_12	12	78	120	141	-9	274	195	144
D244_12	12	80	138	141	168	274	195	144
D244_12	12	90	147	165	178	280	195	144
D245_12	12	82	111	145	170	274	195	144
D245_12	12	90	147	157	170	274	195	144
D246_12	12	82	111	141	168	274	195	144
D246_12	12	88	114	149	180	277	195	144
D247_12	12	78	93	141	192	274	195	144
D247_12	12	90	138	165	192	280	195	144
D248_12	12	78	93	141	170	274	195	144
D248_12	12	78	93	165	170	274	195	144
D249_12	12	78	111	129	170	274	195	144
D249_12	12	82	120	165	170	280	198	144
D250_12	12	88	120	129	170	274	195	144
D250_12	12	90	138	129	192	280	195	146
D251_12	12	82	117	141	168	274	195	142
D251_12	12	88	117	141	194	286	195	144
D252_12	12	76	120	141	176	265	195	142
D252_12	12	80	150	141	176	271	198	144
D253_13	13	86	153	153	178	286	195	144
D253_13	13	86	162	153	182	289	198	146
D254_13	13	80	102	129	182	274	195	142
D254_13	13	86	114	157	184	274	195	144
D255_13	13	80	123	121	172	274	195	144
D255_13	13	86	126	129	176	277	195	144
D256_13	13	86	105	129	170	274	195	144
D256_13	13	88	129	129	170	274	198	144
D257_13	13	80	102	129	188	-9	195	-9
D257_13	13	86	126	157	188	-9	195	-9
D258_13	13	80	129	121	184	-9	195	144
D258_13	13	80	129	153	190	-9	198	144
D259_13	13	86	102	129	178	-9	195	144
D259_13	13	86	102	165	180	-9	198	144
D260_13	13	84	96	129	182	277	195	144
D260_13	13	86	123	157	182	286	198	144
D261_13	13	80	126	129	172	-9	195	142
D261_13	13	86	126	161	186	-9	198	144
D262_13	13	80	126	129	170	-9	195	144
D262_13	13	86	129	129	182	-9	198	146
D263_13	13	80	129	129	186	265	195	144
D263_13	13	86	165	153	200	271	195	144
D264_13	13	82	93	129	192	274	195	142
D264_13	13	86	93	153	192	277	195	144
D265_13	13	80	126	129	188	271	195	144
D265_13	13	82	126	165	190	277	198	144
D266_13	13	82	126	129	178	274	195	144
D266_13	13	88	165	153	186	286	195	144
D267_13	13	80	126	129	174	274	195	144
D267_13	13	86	129	153	186	295	198	144
D268_13	13	80	126	153	172	277	195	144
D268_13	13	86	129	153	180	286	198	144
D269_13	13	80	126	121	188	277	195	144
D269_13	13	86	126	153	188	277	198	144
D270_13	13	86	126	153	180	268	195	144
D270_13	13	86	153	153	182	268	198	144
D271_13	13	86	126	153	180	277	195	144
D271_13	13	86	165	153	180	286	198	144
D272_13	13	86	120	129	170	274	195	144
D272_13	13	86	165	129	174	286	198	144
D273_13	13	86	126	129	172	274	195	144
D273_13	13	86	126	129	172	286	198	144
D274_13	13	80	123	129	170	268	195	142
D274_13	13	86	126	157	188	271	198	144
D275_13	13	86	126	129	198	271	195	144
D275_13	13	86	126	153	198	277	204	144
D276_13	13	78	114	153	170	277	195	142
D276_13	13	86	126	165	188	277	198	144
D277_13	13	80	126	129	184	274	195	142
D277_13	13	80	138	161	194	274	198	144
D278_14	14	78	114	129	182	274	192	142
D278_14	14	88	129	129	184	274	195	144
D279_14	14	74	105	145	178	256	195	144
D279_14	14	80	129	153	182	256	195	144
D280_14	14	72	117	125	176	274	192	144
D280_14	14	74	120	125	176	289	195	144
D281_14	14	78	105	129	176	256	195	140
D281_14	14	82	126	129	190	271	195	144
D282_14	14	78	105	129	182	274	186	142
D282_14	14	86	126	153	182	289	195	144
D283_14	14	76	126	129	186	274	195	136
D283_14	14	78	126	153	186	283	195	144
D284_14	14	76	126	129	182	256	195	144
D284_14	14	78	129	153	186	289	195	144
D285_15	15	84	114	157	174	271	195	142
D285_15	15	88	120	165	174	274	198	144
D286_15	15	82	93	157	190	271	195	142
D286_15	15	86	93	165	190	277	198	142
D287_15	15	82	132	129	176	256	195	142
D287_15	15	82	132	165	176	274	198	142
D288_15	15	82	132	153	174	256	195	142
D288_15	15	86	132	153	176	274	198	146
D289_15	15	78	147	157	176	274	195	144
D289_15	15	82	147	157	180	289	198	146
D290_15	15	78	114	129	176	274	195	146
D290_15	15	82	129	157	176	274	198	146
D291_15	15	84	114	129	176	271	195	142
D291_15	15	86	126	157	180	295	198	144
D292_15	15	78	123	153	180	274	195	144
D292_15	15	86	126	165	180	295	198	146
D293_15	15	82	96	129	176	286	195	142
D293_15	15	82	129	157	180	295	198	144
D294_15	15	84	120	157	176	271	195	142
D294_15	15	86	147	165	176	289	198	146
D295_15	15	82	96	153	174	271	195	144
D295_15	15	82	129	157	176	274	198	144
D296_15	15	82	93	153	180	256	198	142
D296_15	15	82	129	157	180	274	204	142
D297_15	15	78	123	129	174	277	195	142
D297_15	15	86	129	129	174	289	198	142
D298_15	15	82	129	129	176	274	198	142
D298_15	15	82	147	157	180	289	204	142
D299_15	15	82	129	165	176	271	195	142
D299_15	15	86	129	165	188	271	198	142
D300_15	15	78	123	157	174	274	195	144
D300_15	15	86	123	165	174	289	198	144
D301_15	15	78	123	165	182	274	195	142
D301_15	15	86	126	165	182	292	198	144
D302_15	15	84	114	153	176	271	198	142
D302_15	15	84	129	157	176	289	204	146
D303_15	15	78	120	129	176	274	195	142
D303_15	15	82	123	165	176	289	198	144
D304_15	15	78	126	153	180	271	198	142
D304_15	15	86	147	165	180	274	204	142
D305_15	15	78	96	129	176	271	195	142
D305_15	15	80	147	129	180	289	198	144
D306_15	15	84	120	153	176	274	198	142
D306_15	15	86	120	157	176	274	204	146
D307_15	15	84	129	129	174	274	195	144
D307_15	15	86	129	153	176	295	198	144
D308_15	15	82	129	129	178	274	195	142
D308_15	15	86	129	129	180	286	198	146
D309_15	15	76	96	129	170	289	195	144
D309_15	15	82	96	165	182	289	198	144
D310_16	16	84	93	157	174	274	195	144
D310_16	16	86	120	165	192	295	198	144
D311_16	16	78	129	153	170	274	195	144
D311_16	16	86	132	157	190	274	198	144
D312_16	16	76	120	157	192	277	198	144
D312_16	16	84	132	157	194	286	204	144
D313_16	16	76	120	129	174	274	195	144
D313_16	16	80	120	153	178	274	198	144
D314_16	16	78	123	129	182	277	195	142
D314_16	16	80	126	153	182	292	198	142
D315_16	16	84	114	129	174	292	195	142
D315_16	16	84	129	129	174	292	198	144
D316_16	16	78	114	129	176	274	195	142
D316_16	16	84	123	129	176	274	198	144
D317_16	16	80	123	129	180	274	198	144
D317_16	16	84	147	129	192	286	204	144
D318_16	16	76	123	129	182	271	198	144
D318_16	16	86	129	157	200	274	204	144
D319_16	16	84	129	153	178	274	195	144
D319_16	16	84	132	157	182	274	198	144
D320_16	16	84	114	157	176	274	198	142
D320_16	16	84	132	157	182	274	204	144
D321_16	16	78	120	129	178	277	195	144
D321_16	16	78	123	129	194	277	198	144
D322_16	16	84	114	153	178	277	198	144
D322_16	16	84	114	157	202	277	204	144
D323_16	16	84	132	129	178	271	195	142
D323_16	16	86	132	153	182	286	198	142
D324_16	16	84	114	157	178	274	195	144
D324_16	16	86	126	157	190	277	198	144
D325_16	16	82	93	129	182	268	195	144
D325_16	16	86	132	157	182	286	198	144
D326_16	16	82	129	129	178	256	198	144
D326_16	16	86	132	153	186	256	201	144
D327_16	16	78	123	129	176	274	195	142
D327_16	16	82	129	129	176	277	198	144
D328_16	16	84	114	141	176	274	195	144
D328_16	16	84	132	165	186	274	198	146
D329_16	16	86	123	129	192	271	195	142
D329_16	16	86	129	157	196	271	198	144
D330_16	16	78	129	129	174	277	195	144
D330_16	16	82	132	153	190	289	198	144
D331_16	16	84	126	153	176	271	195	144
D331_16	16	84	132	157	178	274	198	144
D332_16	16	78	123	129	178	274	198	142
D332_16	16	78	132	153	178	277	204	146
D333_16	16	76	117	129	174	256	195	142
D333_16	16	78	117	157	176	274	198	144
D334_16	16	84	111	129	176	274	195	144
D334_16	16	86	132	153	188	277	198	144
