		F58red	A12green	B3blue	A415black	G431blue	J15green	H231red
		-9	-9	-9	-9	-9	-9	-9
D1_1	1	88	96	149	-9	274	195	144
D1_1	1	90	117	157	-9	274	198	144
D1_1	1	-9	-9	-9	-9	-9	-9	-9
D1_1	1	-9	-9	-9	-9	-9	-9	-9
D1_1	1	-9	-9	-9	-9	-9	-9	-9
D1_1	1	-9	-9	-9	-9	-9	-9	-9
D2_1	1	80	123	129	174	256	195	142
D2_1	1	80	123	165	174	286	198	142
D2_1	1	-9	-9	-9	-9	-9	-9	-9
D2_1	1	-9	-9	-9	-9	-9	-9	-9
D2_1	1	-9	-9	-9	-9	-9	-9	-9
D2_1	1	-9	-9	-9	-9	-9	-9	-9
D3_1	1	88	123	129	166	277	198	144
D3_1	1	92	129	165	180	292	198	144
D3_1	1	-9	-9	-9	-9	-9	-9	-9
D3_1	1	-9	-9	-9	-9	-9	-9	-9
D3_1	1	-9	-9	-9	-9	-9	-9	-9
D3_1	1	-9	-9	-9	-9	-9	-9	-9
D4_1	1	88	120	129	180	253	195	144
D4_1	1	90	123	157	194	277	198	144
D4_1	1	-9	-9	-9	-9	-9	-9	-9
D4_1	1	-9	-9	-9	-9	-9	-9	-9
D4_1	1	-9	-9	-9	-9	-9	-9	-9
D4_1	1	-9	-9	-9	-9	-9	-9	-9
D5_1	1	88	123	129	186	256	198	144
D5_1	1	88	123	157	188	292	198	146
D5_1	1	-9	-9	-9	-9	-9	-9	-9
D5_1	1	-9	-9	-9	-9	-9	-9	-9
D5_1	1	-9	-9	-9	-9	-9	-9	-9
D5_1	1	-9	-9	-9	-9	-9	-9	-9
D6_1	1	78	114	129	170	274	195	144
D6_1	1	78	114	165	176	277	195	144
D6_1	1	-9	-9	-9	-9	-9	-9	-9
D6_1	1	-9	-9	-9	-9	-9	-9	-9
D6_1	1	-9	-9	-9	-9	-9	-9	-9
D6_1	1	-9	-9	-9	-9	-9	-9	-9
D7_1	1	78	93	129	180	256	195	142
D7_1	1	82	132	141	182	280	198	144
D7_1	1	-9	-9	-9	-9	-9	-9	-9
D7_1	1	-9	-9	-9	-9	-9	-9	-9
D7_1	1	-9	-9	-9	-9	-9	-9	-9
D7_1	1	-9	-9	-9	-9	-9	-9	-9
D8_1	1	88	93	145	190	253	195	144
D8_1	1	88	126	157	190	277	198	146
D8_1	1	-9	-9	-9	-9	-9	-9	-9
D8_1	1	-9	-9	-9	-9	-9	-9	-9
D8_1	1	-9	-9	-9	-9	-9	-9	-9
D8_1	1	-9	-9	-9	-9	-9	-9	-9
D9_1	1	88	93	129	-9	256	195	144
D9_1	1	88	123	141	-9	283	198	144
D9_1	1	-9	-9	-9	-9	-9	-9	-9
D9_1	1	-9	-9	-9	-9	-9	-9	-9
D9_1	1	-9	-9	-9	-9	-9	-9	-9
D9_1	1	-9	-9	-9	-9	-9	-9	-9
D10_1	1	76	117	129	178	256	195	144
D10_1	1	88	117	149	178	268	198	144
D10_1	1	-9	-9	-9	-9	-9	-9	-9
D10_1	1	-9	-9	-9	-9	-9	-9	-9
D10_1	1	-9	-9	-9	-9	-9	-9	-9
D10_1	1	-9	-9	-9	-9	-9	-9	-9
D11_1	1	88	123	141	182	256	195	144
D11_1	1	88	126	161	198	271	198	144
D11_1	1	-9	-9	-9	-9	-9	-9	-9
D11_1	1	-9	-9	-9	-9	-9	-9	-9
D11_1	1	-9	-9	-9	-9	-9	-9	-9
D11_1	1	-9	-9	-9	-9	-9	-9	-9
D12_1	1	78	117	129	180	262	198	144
D12_1	1	92	129	141	180	280	198	144
D12_1	1	-9	-9	-9	-9	-9	-9	-9
D12_1	1	-9	-9	-9	-9	-9	-9	-9
D12_1	1	-9	-9	-9	-9	-9	-9	-9
D12_1	1	-9	-9	-9	-9	-9	-9	-9
D13_1	1	78	120	129	-9	274	195	144
D13_1	1	88	120	129	-9	280	198	144
D13_1	1	-9	-9	-9	-9	-9	-9	-9
D13_1	1	-9	-9	-9	-9	-9	-9	-9
D13_1	1	-9	-9	-9	-9	-9	-9	-9
D13_1	1	-9	-9	-9	-9	-9	-9	-9
D14_1	1	86	114	129	176	256	195	144
D14_1	1	88	117	157	176	277	198	144
D14_1	1	-9	-9	-9	-9	-9	-9	-9
D14_1	1	-9	-9	-9	-9	-9	-9	-9
D14_1	1	-9	-9	-9	-9	-9	-9	-9
D14_1	1	-9	-9	-9	-9	-9	-9	-9
D15_1	1	88	126	129	170	277	198	144
D15_1	1	88	129	161	170	277	198	144
D15_1	1	-9	-9	-9	-9	-9	-9	-9
D15_1	1	-9	-9	-9	-9	-9	-9	-9
D15_1	1	-9	-9	-9	-9	-9	-9	-9
D15_1	1	-9	-9	-9	-9	-9	-9	-9
D16_1	1	88	93	141	188	256	195	144
D16_1	1	88	117	161	202	280	198	144
D16_1	1	-9	-9	-9	-9	-9	-9	-9
D16_1	1	-9	-9	-9	-9	-9	-9	-9
D16_1	1	-9	-9	-9	-9	-9	-9	-9
D16_1	1	-9	-9	-9	-9	-9	-9	-9
D17_1	1	88	93	157	170	277	195	144
D17_1	1	88	126	161	170	292	198	144
D17_1	1	-9	-9	-9	-9	-9	-9	-9
D17_1	1	-9	-9	-9	-9	-9	-9	-9
D17_1	1	-9	-9	-9	-9	-9	-9	-9
D17_1	1	-9	-9	-9	-9	-9	-9	-9
D18_1	1	78	114	129	202	268	195	144
D18_1	1	90	117	129	202	274	198	144
D18_1	1	-9	-9	-9	-9	-9	-9	-9
D18_1	1	-9	-9	-9	-9	-9	-9	-9
D18_1	1	-9	-9	-9	-9	-9	-9	-9
D18_1	1	-9	-9	-9	-9	-9	-9	-9
D19_1	1	76	93	129	182	280	195	144
D19_1	1	88	117	129	182	286	195	146
D19_1	1	-9	-9	-9	-9	-9	-9	-9
D19_1	1	-9	-9	-9	-9	-9	-9	-9
D19_1	1	-9	-9	-9	-9	-9	-9	-9
D19_1	1	-9	-9	-9	-9	-9	-9	-9
D20_1	1	78	96	129	198	256	195	144
D20_1	1	86	117	129	200	283	198	144
D20_1	1	-9	-9	-9	-9	-9	-9	-9
D20_1	1	-9	-9	-9	-9	-9	-9	-9
D20_1	1	-9	-9	-9	-9	-9	-9	-9
D20_1	1	-9	-9	-9	-9	-9	-9	-9
D21_1	1	78	96	157	192	256	198	144
D21_1	1	78	117	169	198	271	198	144
D21_1	1	-9	-9	-9	-9	-9	-9	-9
D21_1	1	-9	-9	-9	-9	-9	-9	-9
D21_1	1	-9	-9	-9	-9	-9	-9	-9
D21_1	1	-9	-9	-9	-9	-9	-9	-9
D22_1	1	80	93	129	178	256	195	144
D22_1	1	88	117	129	202	271	198	146
D22_1	1	-9	-9	-9	-9	-9	-9	-9
D22_1	1	-9	-9	-9	-9	-9	-9	-9
D22_1	1	-9	-9	-9	-9	-9	-9	-9
D22_1	1	-9	-9	-9	-9	-9	-9	-9
D23_1	1	78	114	157	182	256	198	144
D23_1	1	88	123	161	182	277	198	144
D23_1	1	-9	-9	-9	-9	-9	-9	-9
D23_1	1	-9	-9	-9	-9	-9	-9	-9
D23_1	1	-9	-9	-9	-9	-9	-9	-9
D23_1	1	-9	-9	-9	-9	-9	-9	-9
D24_1	1	78	117	129	176	277	195	144
D24_1	1	88	138	165	180	280	198	144
D24_1	1	-9	-9	-9	-9	-9	-9	-9
D24_1	1	-9	-9	-9	-9	-9	-9	-9
D24_1	1	-9	-9	-9	-9	-9	-9	-9
D24_1	1	-9	-9	-9	-9	-9	-9	-9
D25_1	1	82	132	129	186	265	195	144
D25_1	1	90	138	141	188	280	198	144
D25_1	1	-9	-9	-9	-9	-9	-9	-9
D25_1	1	-9	-9	-9	-9	-9	-9	-9
D25_1	1	-9	-9	-9	-9	-9	-9	-9
D25_1	1	-9	-9	-9	-9	-9	-9	-9
D26_1	1	78	-9	-9	-9	256	198	144
D26_1	1	88	-9	-9	-9	280	198	144
D26_1	1	-9	-9	-9	-9	-9	-9	-9
D26_1	1	-9	-9	-9	-9	-9	-9	-9
D26_1	1	-9	-9	-9	-9	-9	-9	-9
D26_1	1	-9	-9	-9	-9	-9	-9	-9
D27_1	1	80	117	157	178	265	198	144
D27_1	1	88	126	165	180	271	201	144
D27_1	1	-9	-9	-9	-9	-9	-9	-9
D27_1	1	-9	-9	-9	-9	-9	-9	-9
D27_1	1	-9	-9	-9	-9	-9	-9	-9
D27_1	1	-9	-9	-9	-9	-9	-9	-9
D28_1	1	88	114	129	180	280	195	144
D28_1	1	88	114	129	182	292	198	144
D28_1	1	-9	-9	-9	-9	-9	-9	-9
D28_1	1	-9	-9	-9	-9	-9	-9	-9
D28_1	1	-9	-9	-9	-9	-9	-9	-9
D28_1	1	-9	-9	-9	-9	-9	-9	-9
D29_1	1	76	93	157	182	274	195	144
D29_1	1	88	135	157	182	289	198	144
D29_1	1	-9	-9	-9	-9	-9	-9	-9
D29_1	1	-9	-9	-9	-9	-9	-9	-9
D29_1	1	-9	-9	-9	-9	-9	-9	-9
D29_1	1	-9	-9	-9	-9	-9	-9	-9
D30_1	1	78	96	129	178	268	186	144
D30_1	1	88	129	141	190	280	195	146
D30_1	1	-9	-9	-9	-9	-9	-9	-9
D30_1	1	-9	-9	-9	-9	-9	-9	-9
D30_1	1	-9	-9	-9	-9	-9	-9	-9
D30_1	1	-9	-9	-9	-9	-9	-9	-9
D53_3	3	76	117	129	168	256	195	144
D53_3	3	86	132	165	194	256	195	144
D53_3	3	-9	-9	-9	-9	-9	-9	-9
D53_3	3	-9	-9	-9	-9	-9	-9	-9
D53_3	3	-9	-9	-9	-9	-9	-9	-9
D53_3	3	-9	-9	-9	-9	-9	-9	-9
D54_3	3	78	117	129	184	256	198	144
D54_3	3	78	117	165	184	283	201	144
D54_3	3	-9	-9	-9	-9	-9	-9	-9
D54_3	3	-9	-9	-9	-9	-9	-9	-9
D54_3	3	-9	-9	-9	-9	-9	-9	-9
D54_3	3	-9	-9	-9	-9	-9	-9	-9
D55_3	3	78	135	141	186	271	195	144
D55_3	3	86	153	157	185	277	198	144
D55_3	3	-9	-9	-9	-9	-9	-9	-9
D55_3	3	-9	-9	-9	-9	-9	-9	-9
D55_3	3	-9	-9	-9	-9	-9	-9	-9
D55_3	3	-9	-9	-9	-9	-9	-9	-9
D56_3	3	80	117	141	200	271	195	144
D56_3	3	80	132	141	202	274	195	144
D56_3	3	-9	-9	-9	-9	-9	-9	-9
D56_3	3	-9	-9	-9	-9	-9	-9	-9
D56_3	3	-9	-9	-9	-9	-9	-9	-9
D56_3	3	-9	-9	-9	-9	-9	-9	-9
D57_3	3	80	120	129	196	271	195	144
D57_3	3	80	132	141	198	274	195	144
D57_3	3	-9	-9	-9	-9	-9	-9	-9
D57_3	3	-9	-9	-9	-9	-9	-9	-9
D57_3	3	-9	-9	-9	-9	-9	-9	-9
D57_3	3	-9	-9	-9	-9	-9	-9	-9
D58_3	3	80	93	165	186	-9	198	144
D58_3	3	80	93	165	196	-9	201	144
D58_3	3	-9	-9	-9	-9	-9	-9	-9
D58_3	3	-9	-9	-9	-9	-9	-9	-9
D58_3	3	-9	-9	-9	-9	-9	-9	-9
D58_3	3	-9	-9	-9	-9	-9	-9	-9
D59_3	3	86	117	129	186	256	195	144
D59_3	3	86	117	165	186	283	201	144
D59_3	3	-9	-9	-9	-9	-9	-9	-9
D59_3	3	-9	-9	-9	-9	-9	-9	-9
D59_3	3	-9	-9	-9	-9	-9	-9	-9
D59_3	3	-9	-9	-9	-9	-9	-9	-9
D60_3	3	-9	-9	-9	-9	271	195	144
D60_3	3	-9	-9	-9	-9	274	198	146
D60_3	3	-9	-9	-9	-9	-9	-9	-9
D60_3	3	-9	-9	-9	-9	-9	-9	-9
D60_3	3	-9	-9	-9	-9	-9	-9	-9
D60_3	3	-9	-9	-9	-9	-9	-9	-9
D61_3	3	86	117	129	182	271	195	144
D61_3	3	86	117	165	200	280	198	144
D61_3	3	-9	-9	-9	-9	-9	-9	-9
D61_3	3	-9	-9	-9	-9	-9	-9	-9
D61_3	3	-9	-9	-9	-9	-9	-9	-9
D61_3	3	-9	-9	-9	-9	-9	-9	-9
D62_3	3	80	117	129	186	256	195	144
D62_3	3	86	117	165	188	280	195	144
D62_3	3	-9	-9	-9	-9	-9	-9	-9
D62_3	3	-9	-9	-9	-9	-9	-9	-9
D62_3	3	-9	-9	-9	-9	-9	-9	-9
D62_3	3	-9	-9	-9	-9	-9	-9	-9
D63_3	3	78	114	141	184	-9	195	144
D63_3	3	84	117	165	192	-9	201	146
D63_3	3	-9	-9	-9	-9	-9	-9	-9
D63_3	3	-9	-9	-9	-9	-9	-9	-9
D63_3	3	-9	-9	-9	-9	-9	-9	-9
D63_3	3	-9	-9	-9	-9	-9	-9	-9
D64_3	3	78	117	-9	186	256	201	142
D64_3	3	78	132	-9	190	286	201	144
D64_3	3	-9	-9	-9	-9	-9	-9	-9
D64_3	3	-9	-9	-9	-9	-9	-9	-9
D64_3	3	-9	-9	-9	-9	-9	-9	-9
D64_3	3	-9	-9	-9	-9	-9	-9	-9
D65_3	3	76	132	129	184	256	195	144
D65_3	3	78	132	129	196	274	198	144
D65_3	3	-9	-9	-9	-9	-9	-9	-9
D65_3	3	-9	-9	-9	-9	-9	-9	-9
D65_3	3	-9	-9	-9	-9	-9	-9	-9
D65_3	3	-9	-9	-9	-9	-9	-9	-9
D66_3	3	76	132	141	168	-9	-9	-9
D66_3	3	78	132	141	186	-9	-9	-9
D66_3	3	-9	-9	-9	-9	-9	-9	-9
D66_3	3	-9	-9	-9	-9	-9	-9	-9
D66_3	3	-9	-9	-9	-9	-9	-9	-9
D66_3	3	-9	-9	-9	-9	-9	-9	-9
D67_3	3	80	135	129	194	256	195	144
D67_3	3	80	138	165	194	274	195	144
D67_3	3	-9	-9	-9	-9	-9	-9	-9
D67_3	3	-9	-9	-9	-9	-9	-9	-9
D67_3	3	-9	-9	-9	-9	-9	-9	-9
D67_3	3	-9	-9	-9	-9	-9	-9	-9
D68_3	3	78	117	129	194	256	195	144
D68_3	3	78	132	129	196	277	195	144
D68_3	3	-9	-9	-9	-9	-9	-9	-9
D68_3	3	-9	-9	-9	-9	-9	-9	-9
D68_3	3	-9	-9	-9	-9	-9	-9	-9
D68_3	3	-9	-9	-9	-9	-9	-9	-9
D69_3	3	80	135	129	190	274	195	144
D69_3	3	80	138	141	200	280	198	144
D69_3	3	-9	-9	-9	-9	-9	-9	-9
D69_3	3	-9	-9	-9	-9	-9	-9	-9
D69_3	3	-9	-9	-9	-9	-9	-9	-9
D69_3	3	-9	-9	-9	-9	-9	-9	-9
D70_3	3	78	114	165	184	271	195	142
D70_3	3	78	114	165	184	271	195	142
D70_3	3	-9	-9	-9	-9	-9	-9	-9
D70_3	3	-9	-9	-9	-9	-9	-9	-9
D70_3	3	-9	-9	-9	-9	-9	-9	-9
D70_3	3	-9	-9	-9	-9	-9	-9	-9
D71_3	3	78	117	129	188	256	195	144
D71_3	3	86	117	169	196	280	198	144
D71_3	3	-9	-9	-9	-9	-9	-9	-9
D71_3	3	-9	-9	-9	-9	-9	-9	-9
D71_3	3	-9	-9	-9	-9	-9	-9	-9
D71_3	3	-9	-9	-9	-9	-9	-9	-9
D72_3	3	78	117	129	184	256	198	144
D72_3	3	86	117	165	186	274	201	144
D72_3	3	-9	-9	-9	-9	-9	-9	-9
D72_3	3	-9	-9	-9	-9	-9	-9	-9
D72_3	3	-9	-9	-9	-9	-9	-9	-9
D72_3	3	-9	-9	-9	-9	-9	-9	-9
D73_3	3	78	135	129	-9	256	198	144
D73_3	3	78	159	165	-9	274	201	144
D73_3	3	-9	-9	-9	-9	-9	-9	-9
D73_3	3	-9	-9	-9	-9	-9	-9	-9
D73_3	3	-9	-9	-9	-9	-9	-9	-9
D73_3	3	-9	-9	-9	-9	-9	-9	-9
D186_10	10	74	102	161	170	259	198	144
D186_10	10	78	117	161	190	271	201	146
D186_10	10	-9	-9	-9	-9	-9	-9	-9
D186_10	10	-9	-9	-9	-9	-9	-9	-9
D186_10	10	-9	-9	-9	-9	-9	-9	-9
D186_10	10	-9	-9	-9	-9	-9	-9	-9
D187_10	10	78	117	121	178	259	195	142
D187_10	10	80	135	161	188	283	201	144
D187_10	10	-9	-9	-9	-9	-9	-9	-9
D187_10	10	-9	-9	-9	-9	-9	-9	-9
D187_10	10	-9	-9	-9	-9	-9	-9	-9
D187_10	10	-9	-9	-9	-9	-9	-9	-9
D188_10	10	78	117	157	180	256	195	146
D188_10	10	80	135	161	188	256	201	146
D188_10	10	-9	-9	-9	-9	-9	-9	-9
D188_10	10	-9	-9	-9	-9	-9	-9	-9
D188_10	10	-9	-9	-9	-9	-9	-9	-9
D188_10	10	-9	-9	-9	-9	-9	-9	-9
D189_10	10	78	117	129	168	256	198	142
D189_10	10	80	120	157	182	277	201	146
D189_10	10	-9	-9	-9	-9	-9	-9	-9
D189_10	10	-9	-9	-9	-9	-9	-9	-9
D189_10	10	-9	-9	-9	-9	-9	-9	-9
D189_10	10	-9	-9	-9	-9	-9	-9	-9
D190_10	10	76	102	157	178	253	195	144
D190_10	10	80	117	157	178	271	201	146
D190_10	10	-9	-9	-9	-9	-9	-9	-9
D190_10	10	-9	-9	-9	-9	-9	-9	-9
D190_10	10	-9	-9	-9	-9	-9	-9	-9
D190_10	10	-9	-9	-9	-9	-9	-9	-9
D191_10	10	76	102	129	178	256	198	142
D191_10	10	80	117	157	178	283	201	146
D191_10	10	-9	-9	-9	-9	-9	-9	-9
D191_10	10	-9	-9	-9	-9	-9	-9	-9
D191_10	10	-9	-9	-9	-9	-9	-9	-9
D191_10	10	-9	-9	-9	-9	-9	-9	-9
D192_10	10	78	135	121	180	256	198	144
D192_10	10	82	135	129	202	271	201	146
D192_10	10	-9	-9	-9	-9	-9	-9	-9
D192_10	10	-9	-9	-9	-9	-9	-9	-9
D192_10	10	-9	-9	-9	-9	-9	-9	-9
D192_10	10	-9	-9	-9	-9	-9	-9	-9
D193_10	10	72	117	129	174	253	198	144
D193_10	10	80	135	161	188	271	201	144
D193_10	10	-9	-9	-9	-9	-9	-9	-9
D193_10	10	-9	-9	-9	-9	-9	-9	-9
D193_10	10	-9	-9	-9	-9	-9	-9	-9
D193_10	10	-9	-9	-9	-9	-9	-9	-9
D194_10	10	74	99	121	178	268	195	146
D194_10	10	80	102	157	182	280	201	146
D194_10	10	-9	-9	-9	-9	-9	-9	-9
D194_10	10	-9	-9	-9	-9	-9	-9	-9
D194_10	10	-9	-9	-9	-9	-9	-9	-9
D194_10	10	-9	-9	-9	-9	-9	-9	-9
D195_10	10	78	102	153	178	277	198	142
D195_10	10	78	120	157	186	280	201	144
D195_10	10	-9	-9	-9	-9	-9	-9	-9
D195_10	10	-9	-9	-9	-9	-9	-9	-9
D195_10	10	-9	-9	-9	-9	-9	-9	-9
D195_10	10	-9	-9	-9	-9	-9	-9	-9
D196_10	10	78	111	157	186	256	195	144
D196_10	10	82	120	161	188	256	201	144
D196_10	10	-9	-9	-9	-9	-9	-9	-9
D196_10	10	-9	-9	-9	-9	-9	-9	-9
D196_10	10	-9	-9	-9	-9	-9	-9	-9
D196_10	10	-9	-9	-9	-9	-9	-9	-9
D197_10	10	76	117	121	174	271	195	142
D197_10	10	78	117	161	194	283	201	144
D197_10	10	-9	-9	-9	-9	-9	-9	-9
D197_10	10	-9	-9	-9	-9	-9	-9	-9
D197_10	10	-9	-9	-9	-9	-9	-9	-9
D197_10	10	-9	-9	-9	-9	-9	-9	-9
D198_10	10	78	117	121	178	259	195	144
D198_10	10	78	120	161	188	280	198	146
D198_10	10	-9	-9	-9	-9	-9	-9	-9
D198_10	10	-9	-9	-9	-9	-9	-9	-9
D198_10	10	-9	-9	-9	-9	-9	-9	-9
D198_10	10	-9	-9	-9	-9	-9	-9	-9
D199_10	10	78	117	161	188	271	198	144
D199_10	10	78	135	161	188	280	201	146
D199_10	10	-9	-9	-9	-9	-9	-9	-9
D199_10	10	-9	-9	-9	-9	-9	-9	-9
D199_10	10	-9	-9	-9	-9	-9	-9	-9
D199_10	10	-9	-9	-9	-9	-9	-9	-9
D200_10	10	80	117	121	180	250	198	144
D200_10	10	80	117	157	182	274	201	146
D200_10	10	-9	-9	-9	-9	-9	-9	-9
D200_10	10	-9	-9	-9	-9	-9	-9	-9
D200_10	10	-9	-9	-9	-9	-9	-9	-9
D200_10	10	-9	-9	-9	-9	-9	-9	-9
D201_10	10	76	111	161	188	268	201	144
D201_10	10	78	135	161	198	280	201	146
D201_10	10	-9	-9	-9	-9	-9	-9	-9
D201_10	10	-9	-9	-9	-9	-9	-9	-9
D201_10	10	-9	-9	-9	-9	-9	-9	-9
D201_10	10	-9	-9	-9	-9	-9	-9	-9
D202_10	10	78	102	153	178	253	195	142
D202_10	10	86	141	157	178	274	201	146
D202_10	10	-9	-9	-9	-9	-9	-9	-9
D202_10	10	-9	-9	-9	-9	-9	-9	-9
D202_10	10	-9	-9	-9	-9	-9	-9	-9
D202_10	10	-9	-9	-9	-9	-9	-9	-9
D203_10	10	76	111	157	198	259	195	142
D203_10	10	82	120	161	200	283	195	146
D203_10	10	-9	-9	-9	-9	-9	-9	-9
D203_10	10	-9	-9	-9	-9	-9	-9	-9
D203_10	10	-9	-9	-9	-9	-9	-9	-9
D203_10	10	-9	-9	-9	-9	-9	-9	-9
D204_10	10	76	126	161	188	253	195	144
D204_10	10	78	135	161	196	256	201	144
D204_10	10	-9	-9	-9	-9	-9	-9	-9
D204_10	10	-9	-9	-9	-9	-9	-9	-9
D204_10	10	-9	-9	-9	-9	-9	-9	-9
D204_10	10	-9	-9	-9	-9	-9	-9	-9
D205_10	10	78	135	157	178	265	195	142
D205_10	10	86	141	161	196	277	201	146
D205_10	10	-9	-9	-9	-9	-9	-9	-9
D205_10	10	-9	-9	-9	-9	-9	-9	-9
D205_10	10	-9	-9	-9	-9	-9	-9	-9
D205_10	10	-9	-9	-9	-9	-9	-9	-9
D227_12	12	78	117	161	170	-9	195	144
D227_12	12	90	138	161	188	-9	195	144
D227_12	12	-9	-9	-9	-9	-9	-9	-9
D227_12	12	-9	-9	-9	-9	-9	-9	-9
D227_12	12	-9	-9	-9	-9	-9	-9	-9
D227_12	12	-9	-9	-9	-9	-9	-9	-9
D228_12	12	88	114	141	168	-9	195	144
D228_12	12	88	138	141	180	-9	198	144
D228_12	12	-9	-9	-9	-9	-9	-9	-9
D228_12	12	-9	-9	-9	-9	-9	-9	-9
D228_12	12	-9	-9	-9	-9	-9	-9	-9
D228_12	12	-9	-9	-9	-9	-9	-9	-9
D229_12	12	78	120	141	168	-9	195	144
D229_12	12	88	138	141	178	-9	195	144
D229_12	12	-9	-9	-9	-9	-9	-9	-9
D229_12	12	-9	-9	-9	-9	-9	-9	-9
D229_12	12	-9	-9	-9	-9	-9	-9	-9
D229_12	12	-9	-9	-9	-9	-9	-9	-9
D230_12	12	76	114	145	200	274	195	142
D230_12	12	76	138	145	200	274	198	144
D230_12	12	-9	-9	-9	-9	-9	-9	-9
D230_12	12	-9	-9	-9	-9	-9	-9	-9
D230_12	12	-9	-9	-9	-9	-9	-9	-9
D230_12	12	-9	-9	-9	-9	-9	-9	-9
D231_12	12	80	111	149	170	-9	195	144
D231_12	12	82	111	149	176	-9	195	144
D231_12	12	-9	-9	-9	-9	-9	-9	-9
D231_12	12	-9	-9	-9	-9	-9	-9	-9
D231_12	12	-9	-9	-9	-9	-9	-9	-9
D231_12	12	-9	-9	-9	-9	-9	-9	-9
D232_12	12	80	138	141	170	274	195	144
D232_12	12	90	147	141	170	274	195	144
D232_12	12	-9	-9	-9	-9	-9	-9	-9
D232_12	12	-9	-9	-9	-9	-9	-9	-9
D232_12	12	-9	-9	-9	-9	-9	-9	-9
D232_12	12	-9	-9	-9	-9	-9	-9	-9
D233_12	12	82	111	141	170	-9	195	144
D233_12	12	90	138	141	170	-9	195	144
D233_12	12	-9	-9	-9	-9	-9	-9	-9
D233_12	12	-9	-9	-9	-9	-9	-9	-9
D233_12	12	-9	-9	-9	-9	-9	-9	-9
D233_12	12	-9	-9	-9	-9	-9	-9	-9
D234_12	12	78	93	141	-9	274	195	144
D234_12	12	78	93	165	-9	274	195	144
D234_12	12	-9	-9	-9	-9	-9	-9	-9
D234_12	12	-9	-9	-9	-9	-9	-9	-9
D234_12	12	-9	-9	-9	-9	-9	-9	-9
D234_12	12	-9	-9	-9	-9	-9	-9	-9
D235_12	12	82	-9	161	-9	-9	195	144
D235_12	12	82	-9	161	-9	-9	195	146
D235_12	12	-9	-9	-9	-9	-9	-9	-9
D235_12	12	-9	-9	-9	-9	-9	-9	-9
D235_12	12	-9	-9	-9	-9	-9	-9	-9
D235_12	12	-9	-9	-9	-9	-9	-9	-9
D236_12	12	82	93	129	168	-9	192	144
D236_12	12	86	111	141	188	-9	195	144
D236_12	12	-9	-9	-9	-9	-9	-9	-9
D236_12	12	-9	-9	-9	-9	-9	-9	-9
D236_12	12	-9	-9	-9	-9	-9	-9	-9
D236_12	12	-9	-9	-9	-9	-9	-9	-9
D237_12	12	88	120	141	174	274	195	144
D237_12	12	88	138	141	174	280	195	144
D237_12	12	-9	-9	-9	-9	-9	-9	-9
D237_12	12	-9	-9	-9	-9	-9	-9	-9
D237_12	12	-9	-9	-9	-9	-9	-9	-9
D237_12	12	-9	-9	-9	-9	-9	-9	-9
D238_12	12	88	120	141	174	277	195	144
D238_12	12	88	120	161	174	280	195	146
D238_12	12	-9	-9	-9	-9	-9	-9	-9
D238_12	12	-9	-9	-9	-9	-9	-9	-9
D238_12	12	-9	-9	-9	-9	-9	-9	-9
D238_12	12	-9	-9	-9	-9	-9	-9	-9
D239_12	12	76	93	141	170	274	195	144
D239_12	12	88	114	165	180	277	195	146
D239_12	12	-9	-9	-9	-9	-9	-9	-9
D239_12	12	-9	-9	-9	-9	-9	-9	-9
D239_12	12	-9	-9	-9	-9	-9	-9	-9
D239_12	12	-9	-9	-9	-9	-9	-9	-9
D240_12	12	-9	120	-9	-9	274	195	142
D240_12	12	-9	120	-9	-9	286	195	146
D240_12	12	-9	-9	-9	-9	-9	-9	-9
D240_12	12	-9	-9	-9	-9	-9	-9	-9
D240_12	12	-9	-9	-9	-9	-9	-9	-9
D240_12	12	-9	-9	-9	-9	-9	-9	-9
D241_12	12	76	138	129	-9	274	195	142
D241_12	12	80	147	129	-9	274	195	144
D241_12	12	-9	-9	-9	-9	-9	-9	-9
D241_12	12	-9	-9	-9	-9	-9	-9	-9
D241_12	12	-9	-9	-9	-9	-9	-9	-9
D241_12	12	-9	-9	-9	-9	-9	-9	-9
D242_12	12	78	93	165	180	256	195	142
D242_12	12	88	93	165	198	280	195	144
D242_12	12	-9	-9	-9	-9	-9	-9	-9
D242_12	12	-9	-9	-9	-9	-9	-9	-9
D242_12	12	-9	-9	-9	-9	-9	-9	-9
D242_12	12	-9	-9	-9	-9	-9	-9	-9
D243_12	12	76	111	141	-9	274	195	142
D243_12	12	78	120	141	-9	274	195	144
D243_12	12	-9	-9	-9	-9	-9	-9	-9
D243_12	12	-9	-9	-9	-9	-9	-9	-9
D243_12	12	-9	-9	-9	-9	-9	-9	-9
D243_12	12	-9	-9	-9	-9	-9	-9	-9
D244_12	12	80	138	141	168	274	195	144
D244_12	12	90	147	165	178	280	195	144
D244_12	12	-9	-9	-9	-9	-9	-9	-9
D244_12	12	-9	-9	-9	-9	-9	-9	-9
D244_12	12	-9	-9	-9	-9	-9	-9	-9
D244_12	12	-9	-9	-9	-9	-9	-9	-9
D245_12	12	82	111	145	170	274	195	144
D245_12	12	90	147	157	170	274	195	144
D245_12	12	-9	-9	-9	-9	-9	-9	-9
D245_12	12	-9	-9	-9	-9	-9	-9	-9
D245_12	12	-9	-9	-9	-9	-9	-9	-9
D245_12	12	-9	-9	-9	-9	-9	-9	-9
D246_12	12	82	111	141	168	274	195	144
D246_12	12	88	114	149	180	277	195	144
D246_12	12	-9	-9	-9	-9	-9	-9	-9
D246_12	12	-9	-9	-9	-9	-9	-9	-9
D246_12	12	-9	-9	-9	-9	-9	-9	-9
D246_12	12	-9	-9	-9	-9	-9	-9	-9
D247_12	12	78	93	141	192	274	195	144
D247_12	12	90	138	165	192	280	195	144
D247_12	12	-9	-9	-9	-9	-9	-9	-9
D247_12	12	-9	-9	-9	-9	-9	-9	-9
D247_12	12	-9	-9	-9	-9	-9	-9	-9
D247_12	12	-9	-9	-9	-9	-9	-9	-9
D248_12	12	78	93	141	170	274	195	144
D248_12	12	78	93	165	170	274	195	144
D248_12	12	-9	-9	-9	-9	-9	-9	-9
D248_12	12	-9	-9	-9	-9	-9	-9	-9
D248_12	12	-9	-9	-9	-9	-9	-9	-9
D248_12	12	-9	-9	-9	-9	-9	-9	-9
D249_12	12	78	111	129	170	274	195	144
D249_12	12	82	120	165	170	280	198	144
D249_12	12	-9	-9	-9	-9	-9	-9	-9
D249_12	12	-9	-9	-9	-9	-9	-9	-9
D249_12	12	-9	-9	-9	-9	-9	-9	-9
D249_12	12	-9	-9	-9	-9	-9	-9	-9
D250_12	12	88	120	129	170	274	195	144
D250_12	12	90	138	129	192	280	195	146
D250_12	12	-9	-9	-9	-9	-9	-9	-9
D250_12	12	-9	-9	-9	-9	-9	-9	-9
D250_12	12	-9	-9	-9	-9	-9	-9	-9
D250_12	12	-9	-9	-9	-9	-9	-9	-9
D251_12	12	82	117	141	168	274	195	142
D251_12	12	88	117	141	194	286	195	144
D251_12	12	-9	-9	-9	-9	-9	-9	-9
D251_12	12	-9	-9	-9	-9	-9	-9	-9
D251_12	12	-9	-9	-9	-9	-9	-9	-9
D251_12	12	-9	-9	-9	-9	-9	-9	-9
D252_12	12	76	120	141	176	265	195	142
D252_12	12	80	150	141	176	271	198	144
D252_12	12	-9	-9	-9	-9	-9	-9	-9
D252_12	12	-9	-9	-9	-9	-9	-9	-9
D252_12	12	-9	-9	-9	-9	-9	-9	-9
D252_12	12	-9	-9	-9	-9	-9	-9	-9
H367_19	19	52	96	69	156	268	195	140
H367_19	19	56	114	73	156	292	198	142
H367_19	19	70	129	69	156	328	201	144
H367_19	19	72	138	69	156	268	204	146
H367_19	19	78	147	69	156	268	213	140
H367_19	19	110	96	69	156	268	195	140
H368_19	19	58	96	73	154	289	-9	136
H368_19	19	70	111	73	156	292	-9	142
H368_19	19	72	141	73	154	289	-9	144
H368_19	19	104	144	73	154	289	-9	146
H368_19	19	108	96	73	154	289	-9	136
H368_19	19	110	96	73	154	289	-9	136
H369_19	19	56	96	69	154	268	201	134
H369_19	19	70	129	73	156	283	201	136
H369_19	19	72	138	69	154	304	201	142
H369_19	19	100	141	69	154	268	201	144
H369_19	19	102	147	69	154	268	201	134
H369_19	19	110	96	69	154	268	201	134
H370_19	19	70	96	73	154	256	-9	140
H370_19	19	72	138	73	156	292	-9	142
H370_19	19	102	96	73	154	295	-9	144
H370_19	19	108	96	73	154	325	-9	148
H370_19	19	70	96	73	154	256	-9	154
H370_19	19	70	96	73	154	256	-9	140
H371_19	19	56	96	69	154	295	195	134
H371_19	19	70	117	73	156	295	198	142
H371_19	19	100	147	69	154	295	201	144
H371_19	19	106	96	69	154	295	204	146
H371_19	19	110	96	69	154	295	219	134
H371_19	19	56	96	69	154	295	195	134
H372_19	19	52	96	69	154	298	189	136
H372_19	19	70	129	73	156	310	192	138
H372_19	19	88	135	69	158	316	195	140
H372_19	19	100	138	69	154	298	198	142
H372_19	19	106	141	69	154	298	201	136
H372_19	19	110	96	69	154	298	189	136
H373_19	19	56	96	69	154	292	192	138
H373_19	19	70	108	73	156	292	192	140
H373_19	19	88	111	69	154	292	192	142
H373_19	19	110	138	69	154	292	192	138
H373_19	19	56	96	69	154	292	192	138
H373_19	19	56	96	69	154	292	192	138
H374_19	19	58	96	69	156	268	189	138
H374_19	19	70	147	73	156	274	192	140
H374_19	19	72	150	69	156	283	195	142
H374_19	19	92	153	69	156	295	189	148
H374_19	19	102	96	69	156	268	189	138
H374_19	19	58	96	69	156	268	189	138
H375_19	19	58	96	69	156	262	195	138
H375_19	19	70	99	73	156	274	201	140
H375_19	19	72	132	69	156	289	204	142
H375_19	19	80	135	69	156	292	207	144
H375_19	19	90	141	69	156	301	210	146
H375_19	19	100	96	69	156	262	213	138
H376_19	19	52	93	73	154	265	195	138
H376_19	19	70	96	73	156	277	204	140
H376_19	19	72	156	73	154	322	213	146
H376_19	19	82	93	73	154	265	219	152
H376_19	19	96	93	73	154	265	195	138
H376_19	19	106	93	73	154	265	195	138
H377_19	19	56	93	69	154	-9	-9	-9
H377_19	19	70	135	73	154	-9	-9	-9
H377_19	19	90	150	69	154	-9	-9	-9
H377_19	19	96	93	69	154	-9	-9	-9
H377_19	19	100	93	69	154	-9	-9	-9
H377_19	19	108	93	69	154	-9	-9	-9
H378_19	19	56	93	69	154	265	210	134
H378_19	19	70	96	73	154	292	216	136
H378_19	19	94	117	69	154	304	210	138
H378_19	19	100	156	69	154	265	210	142
H378_19	19	106	93	69	154	265	210	148
H378_19	19	56	93	69	154	265	210	134
H379_19	19	56	96	73	154	265	198	136
H379_19	19	70	135	73	156	280	201	142
H379_19	19	90	150	73	154	301	198	144
H379_19	19	94	96	73	154	265	198	136
H379_19	19	100	96	73	154	265	198	136
H379_19	19	108	96	73	154	265	198	136
H380_19	19	56	96	69	154	307	195	138
H380_19	19	70	132	73	154	310	201	140
H380_19	19	90	159	69	154	319	204	142
H380_19	19	104	96	69	154	325	219	152
H380_19	19	110	96	69	154	307	195	138
H380_19	19	56	96	69	154	307	195	138
H381_19	19	60	96	69	154	-9	-9	-9
H381_19	19	70	135	73	154	-9	-9	-9
H381_19	19	82	144	69	154	-9	-9	-9
H381_19	19	104	147	69	154	-9	-9	-9
H381_19	19	110	96	69	154	-9	-9	-9
H381_19	19	60	96	69	154	-9	-9	-9
H382_19	19	70	96	69	154	265	192	136
H382_19	19	110	108	73	154	274	198	142
H382_19	19	70	144	69	154	316	207	144
H382_19	19	70	96	69	154	322	210	146
H382_19	19	70	96	69	154	265	216	154
H382_19	19	70	96	69	154	265	192	136
H383_19	19	70	96	69	154	262	189	136
H383_19	19	110	141	73	154	274	192	138
H383_19	19	70	147	69	154	283	195	140
H383_19	19	70	96	69	154	292	201	142
H383_19	19	70	96	69	154	295	207	136
H383_19	19	70	96	69	154	262	189	136
H384_19	19	70	96	69	154	265	192	136
H384_19	19	86	147	73	154	280	192	138
H384_19	19	96	96	69	154	295	192	140
H384_19	19	102	96	69	154	307	192	146
H384_19	19	104	96	69	154	265	192	136
H384_19	19	70	96	69	154	265	192	136
H385_19	19	58	96	69	154	253	192	140
H385_19	19	68	153	73	154	259	195	142
H385_19	19	96	96	69	154	292	207	144
H385_19	19	102	96	69	154	304	213	152
H385_19	19	104	96	69	154	307	225	140
H385_19	19	106	96	69	154	310	192	140
H386_19	19	56	96	69	154	310	201	142
H386_19	19	70	135	73	154	325	207	146
H386_19	19	90	138	69	154	334	201	148
H386_19	19	96	96	69	154	310	201	142
H386_19	19	106	96	69	154	310	201	142
H386_19	19	108	96	69	154	310	201	142
H387_19	19	68	96	73	154	271	189	134
H387_19	19	70	99	73	154	280	201	140
H387_19	19	90	156	73	154	286	189	142
H387_19	19	100	162	73	154	295	189	146
H387_19	19	106	96	73	154	271	189	134
H387_19	19	108	96	73	154	271	189	134
H388_19	19	56	96	69	154	289	195	136
H388_19	19	70	159	73	156	298	204	140
H388_19	19	100	96	141	154	301	207	142
H388_19	19	104	96	69	154	289	213	152
H388_19	19	56	96	69	154	289	216	154
H388_19	19	56	96	69	154	289	225	136
H389_19	19	56	96	69	154	277	189	130
H389_19	19	70	105	73	154	280	192	136
H389_19	19	88	117	77	154	295	195	142
H389_19	19	102	96	69	154	277	225	144
H389_19	19	104	96	69	154	277	189	146
H389_19	19	56	96	69	154	277	189	130
H390_19	19	58	96	73	154	271	192	138
H390_19	19	70	138	149	154	274	204	140
H390_19	19	88	153	73	154	292	219	142
H390_19	19	100	96	73	154	295	192	138
H390_19	19	102	96	73	154	271	192	138
H390_19	19	58	96	73	154	271	192	138
H391_19	19	68	93	69	154	283	192	138
H391_19	19	70	96	73	154	292	195	142
H391_19	19	88	135	69	154	295	198	144
H391_19	19	94	93	69	154	325	219	146
H391_19	19	98	93	69	154	283	192	138
H391_19	19	110	93	69	154	283	192	138
H392_19	19	58	96	69	154	295	-9	140
H392_19	19	70	111	73	154	301	-9	144
H392_19	19	98	138	69	154	304	-9	146
H392_19	19	102	141	69	154	322	-9	140
H392_19	19	104	96	69	154	295	-9	140
H392_19	19	110	96	69	154	295	-9	140
H393_19	19	70	93	69	154	265	180	138
H393_19	19	88	96	73	154	280	195	140
H393_19	19	110	111	69	154	304	204	144
H393_19	19	70	93	69	154	265	219	146
H393_19	19	70	93	69	154	265	180	138
H393_19	19	70	93	69	154	265	180	138
H394_19	19	56	96	69	154	280	180	136
H394_19	19	70	117	69	156	286	189	142
H394_19	19	78	138	69	154	313	192	144
H394_19	19	104	141	69	154	280	195	146
H394_19	19	110	96	69	154	280	204	152
H394_19	19	56	96	69	154	280	180	136
H395_19	19	56	96	69	154	283	198	134
H395_19	19	68	144	73	156	286	201	142
H395_19	19	70	96	69	154	292	204	144
H395_19	19	90	96	69	154	295	198	146
H395_19	19	92	96	69	154	313	198	134
H395_19	19	106	96	69	154	325	198	134
H396_19	19	70	96	73	154	280	201	136
H396_19	19	100	108	77	156	292	204	138
H396_19	19	102	141	73	154	298	207	142
H396_19	19	108	147	73	154	301	213	144
H396_19	19	70	96	73	154	304	225	146
H396_19	19	70	96	73	154	280	201	136
H432_22	22	58	96	69	156	283	189	136
H432_22	22	66	141	73	156	286	195	138
H432_22	22	70	144	77	156	283	204	140
H432_22	22	102	150	69	156	283	207	142
H432_22	22	104	96	69	156	283	189	136
H432_22	22	106	96	69	156	283	189	136
H433_22	22	66	96	73	156	292	189	128
H433_22	22	70	123	73	156	292	195	136
H433_22	22	106	129	73	156	292	204	140
H433_22	22	66	141	73	156	292	207	142
H433_22	22	66	96	73	156	292	189	144
H433_22	22	66	96	73	156	292	189	128
H434_22	22	66	96	69	156	283	192	128
H434_22	22	70	114	73	156	295	198	130
H434_22	22	72	123	77	156	310	207	134
H434_22	22	66	144	69	156	283	213	136
H434_22	22	66	150	69	156	283	216	140
H434_22	22	66	96	69	156	283	192	142
H435_22	22	58	96	73	156	265	195	136
H435_22	22	60	120	73	156	283	204	140
H435_22	22	70	138	73	156	265	207	144
H435_22	22	58	144	73	156	265	195	146
H435_22	22	58	96	73	156	265	195	136
H435_22	22	58	96	73	156	265	195	136
H436_22	22	70	96	69	156	262	-9	136
H436_22	22	102	141	73	156	292	-9	144
H436_22	22	70	153	69	156	295	-9	136
H436_22	22	70	96	69	156	298	-9	136
H436_22	22	70	96	69	156	304	-9	136
H436_22	22	70	96	69	156	262	-9	136
H437_22	22	58	96	69	156	289	192	136
H437_22	22	60	141	73	156	292	198	138
H437_22	22	70	96	77	156	289	207	142
H437_22	22	72	96	69	156	289	210	144
H437_22	22	106	96	69	156	289	213	146
H437_22	22	58	96	69	156	289	216	136
H438_22	22	58	105	69	156	262	201	138
H438_22	22	70	111	73	156	295	204	142
H438_22	22	96	123	77	156	301	210	144
H438_22	22	100	144	69	156	262	201	138
H438_22	22	102	105	69	156	262	201	138
H438_22	22	104	105	69	156	262	201	138
H439_22	22	58	96	69	156	286	189	136
H439_22	22	70	123	73	156	301	192	140
H439_22	22	72	96	69	156	304	195	136
H439_22	22	106	96	69	156	286	207	136
H439_22	22	108	96	69	156	286	189	136
H439_22	22	58	96	69	156	286	189	136
H440_22	22	70	96	69	156	256	204	138
H440_22	22	70	99	73	156	262	207	140
H440_22	22	70	96	77	156	256	204	144
H440_22	22	70	96	69	156	256	204	138
H440_22	22	70	96	69	156	256	204	138
H440_22	22	70	96	69	156	256	204	138
H441_22	22	70	96	73	156	256	198	136
H441_22	22	70	153	141	156	289	201	140
H441_22	22	70	96	73	156	292	204	142
H441_22	22	70	96	73	156	256	207	144
H441_22	22	70	96	73	156	256	210	146
H441_22	22	70	96	73	156	256	198	136
H442_22	22	58	96	69	156	-9	-9	-9
H442_22	22	70	141	73	156	-9	-9	-9
H442_22	22	82	150	141	156	-9	-9	-9
H442_22	22	102	153	69	156	-9	-9	-9
H442_22	22	106	96	69	156	-9	-9	-9
H442_22	22	108	96	69	156	-9	-9	-9
H443_22	22	70	96	69	156	292	189	128
H443_22	22	80	99	73	158	292	204	136
H443_22	22	70	96	141	156	292	189	140
H443_22	22	70	96	69	156	292	189	142
H443_22	22	70	96	69	156	292	189	144
H443_22	22	70	96	69	156	292	189	128
H444_22	22	58	96	69	156	265	195	138
H444_22	22	70	123	73	156	289	201	140
H444_22	22	94	144	69	156	292	204	142
H444_22	22	104	153	69	156	319	207	144
H444_22	22	106	96	69	156	265	210	138
H444_22	22	58	96	69	156	265	213	138
H445_22	22	58	96	69	156	262	192	136
H445_22	22	70	123	73	158	268	195	138
H445_22	22	96	153	69	156	292	198	140
H445_22	22	106	96	69	156	262	201	142
H445_22	22	108	96	69	156	262	204	146
H445_22	22	58	96	69	156	262	207	136
H446_22	22	58	96	69	156	289	195	130
H446_22	22	70	153	73	156	292	198	136
H446_22	22	72	96	141	156	304	204	138
H446_22	22	106	96	69	156	307	207	144
H446_22	22	108	96	69	156	289	210	130
H446_22	22	58	96	69	156	289	213	130
H447_22	22	52	96	69	156	262	198	130
H447_22	22	62	114	73	158	280	201	136
H447_22	22	72	129	141	156	292	204	138
H447_22	22	82	132	69	156	307	207	140
H447_22	22	92	141	69	156	310	198	130
H447_22	22	102	96	69	156	262	198	130
H448_22	22	70	96	69	156	262	198	126
H448_22	22	72	141	73	156	286	201	136
H448_22	22	82	96	69	156	319	204	140
H448_22	22	92	96	69	156	262	207	144
H448_22	22	102	96	69	156	262	198	146
H448_22	22	70	96	69	156	262	198	126
H449_22	22	52	96	69	156	262	192	130
H449_22	22	70	99	73	156	283	195	136
H449_22	22	72	132	69	156	286	198	138
H449_22	22	92	153	69	156	289	204	142
H449_22	22	102	96	69	156	292	207	144
H449_22	22	52	96	69	156	262	210	130
H450_22	22	70	96	69	156	268	198	138
H450_22	22	70	123	73	156	280	201	140
H450_22	22	70	141	69	156	292	204	142
H450_22	22	70	153	69	156	298	210	146
H450_22	22	70	96	69	156	268	198	138
H450_22	22	70	96	69	156	268	198	138
H451_22	22	70	96	73	156	262	195	136
H451_22	22	72	117	73	158	277	198	140
H451_22	22	70	129	73	156	262	204	142
H451_22	22	70	141	73	156	262	207	146
H451_22	22	70	144	73	156	262	213	136
H451_22	22	70	96	73	156	262	195	136
H452_22	22	70	96	69	156	283	192	138
H452_22	22	70	111	73	156	289	198	140
H452_22	22	70	126	77	156	283	201	142
H452_22	22	70	153	69	156	283	204	138
H452_22	22	70	96	69	156	283	207	138
H452_22	22	70	96	69	156	283	210	138
H453_22	22	52	96	69	156	280	192	136
H453_22	22	70	126	73	156	283	198	140
H453_22	22	100	141	77	156	286	201	142
H453_22	22	102	96	69	156	280	204	144
H453_22	22	52	96	69	156	280	207	136
H453_22	22	52	96	69	156	280	210	136
H454_22	22	70	96	69	156	262	189	136
H454_22	22	70	123	73	156	295	192	140
H454_22	22	70	141	69	156	298	195	142
H454_22	22	70	153	69	156	304	198	146
H454_22	22	70	96	69	156	262	207	136
H454_22	22	70	96	69	156	262	213	136
H455_22	22	70	96	73	156	274	198	138
H455_22	22	72	114	73	156	277	201	142
H455_22	22	70	153	73	156	283	204	144
H455_22	22	70	96	73	156	307	207	138
H455_22	22	70	96	73	156	310	210	138
H455_22	22	70	96	73	156	274	213	138
H456_22	22	70	96	69	156	262	198	136
H456_22	22	104	114	73	156	268	201	138
H456_22	22	108	120	69	156	271	210	142
H456_22	22	70	141	69	156	274	198	144
H456_22	22	70	96	69	156	298	198	136
H456_22	22	70	96	69	156	262	198	136
H470_24	24	70	96	89	156	256	195	138
H470_24	24	92	99	89	156	262	204	140
H470_24	24	94	105	89	156	271	213	142
H470_24	24	70	96	89	156	277	195	148
H470_24	24	70	96	89	156	256	195	138
H470_24	24	70	96	89	156	256	195	138
H471_24	24	70	96	69	156	301	192	138
H471_24	24	92	132	73	156	304	198	142
H471_24	24	94	135	89	156	301	201	138
H471_24	24	70	150	69	156	301	204	138
H471_24	24	70	96	69	156	301	192	138
H471_24	24	70	96	69	156	301	192	138
H472_24	24	72	93	69	156	-9	195	-9
H472_24	24	76	96	73	156	-9	204	-9
H472_24	24	92	93	89	156	-9	195	-9
H472_24	24	94	93	69	156	-9	195	-9
H472_24	24	72	93	69	156	-9	195	-9
H472_24	24	72	93	69	156	-9	195	-9
H473_24	24	72	96	69	156	256	192	136
H473_24	24	90	132	73	158	283	195	140
H473_24	24	92	138	89	156	256	198	142
H473_24	24	102	96	69	156	256	201	146
H473_24	24	108	96	69	156	256	204	136
H473_24	24	110	96	69	156	256	192	136
H474_24	24	72	96	69	156	-9	-9	-9
H474_24	24	82	138	73	156	-9	-9	-9
H474_24	24	90	96	77	156	-9	-9	-9
H474_24	24	92	96	89	156	-9	-9	-9
H474_24	24	108	96	69	156	-9	-9	-9
H474_24	24	72	96	69	156	-9	-9	-9
H475_24	24	70	93	73	156	274	192	138
H475_24	24	76	96	89	156	301	201	140
H475_24	24	90	132	73	156	274	204	142
H475_24	24	92	138	73	156	274	192	146
H475_24	24	106	144	73	156	274	192	138
H475_24	24	110	93	73	156	274	192	138
H476_24	24	70	96	69	156	277	192	136
H476_24	24	90	117	73	156	280	201	138
H476_24	24	92	123	89	156	298	192	140
H476_24	24	106	96	69	156	277	192	142
H476_24	24	108	96	69	156	277	192	136
H476_24	24	70	96	69	156	277	192	136
H477_24	24	72	87	69	156	256	192	132
H477_24	24	76	93	73	156	268	198	138
H477_24	24	82	96	77	156	292	201	140
H477_24	24	92	87	89	156	298	204	142
H477_24	24	94	87	69	156	301	207	132
H477_24	24	108	87	69	156	313	210	132
H478_24	24	52	96	74	156	292	-9	136
H478_24	24	72	99	89	158	298	-9	138
H478_24	24	90	132	74	156	301	-9	140
H478_24	24	92	135	74	156	313	-9	142
H478_24	24	110	138	74	156	292	-9	136
H478_24	24	52	96	74	156	292	-9	136
H479_24	24	72	96	69	156	295	192	140
H479_24	24	86	99	73	156	298	201	142
H479_24	24	90	135	89	156	301	192	144
H479_24	24	92	147	69	156	295	192	140
H479_24	24	96	96	69	156	295	192	140
H479_24	24	110	96	69	156	295	192	140
H480_24	24	72	96	73	156	271	186	136
H480_24	24	90	129	89	156	289	192	138
H480_24	24	92	147	73	156	292	195	142
H480_24	24	110	96	73	156	301	198	144
H480_24	24	72	96	73	156	271	201	146
H480_24	24	72	96	73	156	271	204	136
H481_24	24	72	96	69	156	256	201	140
H481_24	24	84	117	73	156	277	207	142
H481_24	24	92	132	89	156	280	201	146
H481_24	24	94	96	69	156	283	201	140
H481_24	24	110	96	69	156	304	201	140
H481_24	24	72	96	69	156	313	201	140
H482_24	24	52	96	69	156	-9	-9	-9
H482_24	24	72	117	73	156	-9	-9	-9
H482_24	24	84	138	77	156	-9	-9	-9
H482_24	24	90	96	89	156	-9	-9	-9
H482_24	24	92	96	69	156	-9	-9	-9
H482_24	24	102	96	69	156	-9	-9	-9
H483_24	24	52	93	69	156	256	192	142
H483_24	24	70	96	73	156	262	201	144
H483_24	24	82	129	89	156	268	192	142
H483_24	24	90	138	69	156	277	192	142
H483_24	24	92	147	69	156	289	192	142
H483_24	24	110	93	69	156	301	192	142
H484_24	24	52	96	69	156	262	195	138
H484_24	24	56	144	73	156	268	204	142
H484_24	24	72	96	89	156	274	195	138
H484_24	24	82	96	69	156	277	195	138
H484_24	24	90	96	69	156	289	195	138
H484_24	24	106	96	69	156	262	195	138
H485_24	24	72	96	69	156	262	189	132
H485_24	24	92	132	73	156	277	195	138
H485_24	24	94	135	89	156	292	198	140
H485_24	24	106	96	69	156	295	204	142
H485_24	24	72	96	69	156	298	189	132
H485_24	24	72	96	69	156	301	189	132
H486_24	24	52	96	69	156	274	192	136
H486_24	24	72	120	73	156	304	198	138
H486_24	24	90	132	89	156	313	201	142
H486_24	24	92	138	69	156	274	204	136
H486_24	24	110	96	69	156	274	192	136
H486_24	24	52	96	69	156	274	192	136
H487_24	24	52	96	73	156	256	-9	138
H487_24	24	70	132	77	156	277	-9	140
H487_24	24	90	138	89	156	283	-9	142
H487_24	24	92	144	73	156	301	-9	144
H487_24	24	108	96	73	156	256	-9	138
H487_24	24	110	96	73	156	256	-9	138
H488_24	24	52	93	73	156	256	192	138
H488_24	24	72	96	89	156	262	201	142
H488_24	24	76	93	73	156	271	192	144
H488_24	24	82	93	73	156	289	192	138
H488_24	24	90	93	73	156	256	192	138
H488_24	24	92	93	73	156	256	192	138
H489_24	24	52	96	73	156	271	204	136
H489_24	24	72	117	77	156	292	204	140
H489_24	24	82	123	89	156	271	204	142
H489_24	24	90	156	73	156	271	204	144
H489_24	24	92	96	73	156	271	204	146
H489_24	24	52	96	73	156	271	204	136
H490_24	24	52	96	69	156	-9	-9	-9
H490_24	24	72	117	73	156	-9	-9	-9
H490_24	24	82	135	89	156	-9	-9	-9
H490_24	24	90	96	69	156	-9	-9	-9
H490_24	24	92	96	69	156	-9	-9	-9
H490_24	24	52	96	69	156	-9	-9	-9
H491_24	24	52	96	69	156	256	-9	132
H491_24	24	60	132	73	156	286	-9	136
H491_24	24	72	138	89	156	292	-9	140
H491_24	24	82	96	69	156	298	-9	142
H491_24	24	90	96	69	156	301	-9	146
H491_24	24	92	96	69	156	310	-9	132
H548_27	27	70	93	69	156	283	198	138
H548_27	27	70	96	73	156	286	201	142
H548_27	27	70	105	69	156	301	210	146
H548_27	27	70	93	69	156	283	198	148
H548_27	27	70	93	69	156	283	198	138
H548_27	27	70	93	69	156	283	198	138
H549_27	27	70	96	73	156	274	189	140
H549_27	27	72	96	141	156	277	195	142
H549_27	27	78	96	73	156	283	198	146
H549_27	27	70	96	73	156	289	201	140
H549_27	27	70	96	73	156	298	204	140
H549_27	27	70	96	73	156	310	207	140
H550_27	27	70	96	69	156	256	210	156
H550_27	27	70	99	73	156	289	213	158
H550_27	27	70	138	69	156	310	216	160
H550_27	27	70	147	69	156	256	219	162
H550_27	27	70	96	69	156	256	210	164
H550_27	27	70	96	69	156	256	210	156
H551_27	27	58	120	69	156	262	195	140
H551_27	27	70	135	73	158	283	198	142
H551_27	27	72	147	165	156	289	201	144
H551_27	27	104	120	69	156	310	204	140
H551_27	27	106	120	69	156	262	207	140
H551_27	27	58	120	69	156	262	195	140
H552_27	27	56	96	69	156	-9	-9	-9
H552_27	27	70	99	73	156	-9	-9	-9
H552_27	27	78	105	77	156	-9	-9	-9
H552_27	27	86	96	69	156	-9	-9	-9
H552_27	27	100	96	69	156	-9	-9	-9
H552_27	27	108	96	69	156	-9	-9	-9
H553_27	27	58	96	69	156	262	201	138
H553_27	27	72	120	73	156	283	204	140
H553_27	27	100	135	77	156	286	201	138
H553_27	27	104	147	165	156	304	201	138
H553_27	27	58	162	69	156	307	201	138
H553_27	27	58	96	69	156	262	201	138
H554_27	27	70	96	69	156	262	198	140
H554_27	27	72	111	73	156	277	201	142
H554_27	27	106	144	77	156	280	204	146
H554_27	27	110	96	69	156	292	207	140
H554_27	27	70	96	69	156	295	210	140
H554_27	27	70	96	69	156	262	213	140
H555_27	27	56	96	69	156	271	192	136
H555_27	27	58	99	73	156	283	201	140
H555_27	27	72	132	69	156	286	204	142
H555_27	27	82	147	69	156	271	207	144
H555_27	27	90	96	69	156	271	210	136
H555_27	27	56	96	69	156	271	213	136
H556_27	27	58	96	69	156	262	201	130
H556_27	27	70	147	73	158	283	204	136
H556_27	27	58	150	77	156	292	207	138
H556_27	27	58	96	69	156	310	213	140
H556_27	27	58	96	69	156	262	201	142
H556_27	27	58	96	69	156	262	201	146
H557_27	27	70	96	69	156	271	198	132
H557_27	27	72	120	73	156	283	201	136
H557_27	27	70	141	141	156	289	198	140
H557_27	27	70	162	69	156	271	198	144
H557_27	27	70	96	69	156	271	198	146
H557_27	27	70	96	69	156	271	198	132
H558_27	27	58	120	69	156	283	195	140
H558_27	27	70	135	73	156	289	198	142
H558_27	27	72	162	165	156	298	195	144
H558_27	27	58	120	69	156	283	195	146
H558_27	27	58	120	69	156	283	195	140
H558_27	27	58	120	69	156	283	195	140
H559_27	27	58	96	69	156	271	-9	-9
H559_27	27	70	135	73	158	286	-9	-9
H559_27	27	72	138	141	156	289	-9	-9
H559_27	27	88	96	165	156	271	-9	-9
H559_27	27	100	96	69	156	271	-9	-9
H559_27	27	58	96	69	156	271	-9	-9
H560_27	27	58	105	69	156	268	201	136
H560_27	27	70	120	73	156	280	207	140
H560_27	27	72	135	77	156	283	213	142
H560_27	27	100	147	165	156	289	201	154
H560_27	27	104	105	69	156	298	201	136
H560_27	27	106	105	69	156	268	201	136
H561_27	27	58	135	69	156	262	204	140
H561_27	27	70	138	73	158	283	204	142
H561_27	27	72	162	165	156	289	204	144
H561_27	27	90	135	69	156	298	204	146
H561_27	27	104	135	69	156	301	204	140
H561_27	27	106	135	69	156	307	204	140
H562_27	27	70	96	69	156	262	192	136
H562_27	27	72	132	77	156	271	195	138
H562_27	27	84	150	141	156	280	198	140
H562_27	27	104	153	69	156	262	207	142
H562_27	27	70	96	69	156	262	192	144
H562_27	27	70	96	69	156	262	192	136
H563_27	27	70	96	69	156	262	192	136
H563_27	27	72	132	73	158	271	195	142
H563_27	27	106	96	77	156	280	198	144
H563_27	27	70	96	141	156	262	201	146
H563_27	27	70	96	69	156	262	207	136
H563_27	27	70	96	69	156	262	192	136
H564_27	27	70	96	69	156	262	201	138
H564_27	27	70	138	73	156	286	204	140
H564_27	27	70	153	77	156	262	207	142
H564_27	27	70	96	69	156	262	213	144
H564_27	27	70	96	69	156	262	201	138
H564_27	27	70	96	69	156	262	201	138
H565_27	27	70	96	69	156	256	201	138
H565_27	27	72	111	73	156	274	204	140
H565_27	27	80	144	69	156	277	207	142
H565_27	27	88	96	69	156	283	210	144
H565_27	27	100	96	69	156	292	213	146
H565_27	27	70	96	69	156	256	201	138
H566_27	27	70	96	69	156	283	198	132
H566_27	27	72	132	73	158	283	201	142
H566_27	27	80	147	69	156	283	210	144
H566_27	27	70	96	69	156	283	198	132
H566_27	27	70	96	69	156	283	198	132
H566_27	27	70	96	69	156	283	198	132
H567_27	27	70	96	69	156	289	192	136
H567_27	27	72	108	73	158	289	201	140
H567_27	27	100	135	141	156	289	219	142
H567_27	27	104	162	69	156	289	192	146
H567_27	27	70	96	69	156	289	192	136
H567_27	27	70	96	69	156	289	192	136
H568_27	27	56	93	73	156	262	201	140
H568_27	27	70	99	77	156	286	204	142
H568_27	27	78	114	73	156	295	210	144
H568_27	27	108	129	73	156	304	201	146
H568_27	27	56	93	73	156	262	201	148
H568_27	27	56	93	73	156	262	201	140
H569_27	27	56	93	69	156	262	192	138
H569_27	27	70	96	73	158	277	198	142
H569_27	27	72	153	77	156	283	201	138
H569_27	27	80	93	69	156	304	204	138
H569_27	27	84	93	69	156	310	207	138
H569_27	27	104	93	69	156	262	210	138
H570_27	27	72	96	73	156	262	201	134
H570_27	27	80	99	77	156	271	201	138
H570_27	27	104	144	73	156	289	201	140
H570_27	27	108	96	73	156	310	201	142
H570_27	27	72	96	73	156	313	201	144
H570_27	27	72	96	73	156	262	201	134
H571_27	27	58	96	69	154	262	195	138
H571_27	27	70	120	73	156	283	198	140
H571_27	27	72	147	165	154	286	201	142
H571_27	27	78	165	69	154	289	195	144
H571_27	27	100	96	69	154	262	195	138
H571_27	27	106	96	69	154	262	195	138
H572_27	27	70	96	69	156	295	192	132
H572_27	27	72	111	73	156	298	195	134
H572_27	27	100	135	77	156	295	198	140
H572_27	27	106	144	69	156	295	201	142
H572_27	27	70	96	69	156	295	207	132
H572_27	27	70	96	69	156	295	192	132
H573_27	27	58	96	73	154	265	201	138
H573_27	27	70	117	77	156	274	201	140
H573_27	27	90	132	141	154	283	201	142
H573_27	27	102	147	164	154	298	201	138
H573_27	27	108	96	73	154	265	201	138
H573_27	27	58	96	73	154	265	201	138
H574_28	28	56	90	69	146	295	201	138
H574_28	28	68	96	73	148	298	207	142
H574_28	28	72	111	89	154	295	210	148
H574_28	28	90	114	69	156	295	213	150
H574_28	28	92	90	69	146	295	216	138
H574_28	28	102	90	69	146	295	201	138
H575_28	28	74	96	65	146	286	201	130
H575_28	28	80	114	69	148	301	204	140
H575_28	28	74	96	73	154	304	201	142
H575_28	28	74	96	89	156	286	201	150
H575_28	28	74	96	65	146	286	201	130
H575_28	28	74	96	65	146	286	201	130
H576_28	28	56	96	69	148	298	201	138
H576_28	28	66	99	73	156	301	207	140
H576_28	28	72	96	89	158	304	210	142
H576_28	28	86	96	69	148	298	213	144
H576_28	28	90	96	69	148	298	216	146
H576_28	28	92	96	69	148	298	201	138
H577_28	28	58	96	69	148	286	192	136
H577_28	28	72	114	73	150	298	201	142
H577_28	28	86	135	89	156	301	204	136
H577_28	28	90	150	69	158	286	207	136
H577_28	28	92	96	69	148	286	210	136
H577_28	28	102	96	69	148	286	216	136
H578_28	28	58	96	69	154	295	198	136
H578_28	28	70	162	73	156	298	201	138
H578_28	28	90	96	89	158	301	204	142
H578_28	28	92	96	69	154	295	207	144
H578_28	28	102	96	69	154	295	210	148
H578_28	28	108	96	69	154	295	213	136
H579_28	28	56	96	69	148	298	201	136
H579_28	28	58	111	73	156	301	207	142
H579_28	28	70	141	89	158	304	210	144
H579_28	28	78	153	69	148	298	213	148
H579_28	28	90	162	69	148	298	216	136
H579_28	28	92	96	69	148	298	201	136
H580_28	28	58	96	69	148	298	201	130
H580_28	28	72	111	73	156	301	204	136
H580_28	28	80	141	89	158	304	207	144
H580_28	28	90	162	69	176	298	201	146
H580_28	28	92	96	69	148	298	201	130
H580_28	28	96	96	69	148	298	201	130
H581_28	28	58	90	69	148	286	198	136
H581_28	28	68	96	73	156	295	201	144
H581_28	28	72	138	89	148	298	204	146
H581_28	28	82	141	97	148	301	207	136
H581_28	28	90	156	69	148	304	210	136
H581_28	28	92	90	69	148	286	198	136
H582_28	28	58	90	69	148	295	201	130
H582_28	28	68	96	73	150	298	204	136
H582_28	28	72	141	89	156	295	207	142
H582_28	28	78	147	97	158	295	210	144
H582_28	28	90	90	69	148	295	213	146
H582_28	28	92	90	69	148	295	216	130
H583_28	28	90	90	89	148	274	207	130
H583_28	28	92	99	89	150	286	210	136
H583_28	28	90	90	89	156	298	207	138
H583_28	28	90	90	89	158	274	207	142
H583_28	28	90	90	89	148	274	207	146
H583_28	28	90	90	89	148	274	207	150
H584_28	28	58	90	69	148	283	192	130
H584_28	28	70	96	73	150	286	201	138
H584_28	28	78	144	89	156	295	207	140
H584_28	28	90	153	69	158	283	210	142
H584_28	28	92	90	69	148	283	216	148
H584_28	28	98	90	69	148	283	192	130
H585_28	28	58	90	69	148	298	192	138
H585_28	28	68	96	73	156	307	201	142
H585_28	28	72	153	89	148	298	192	144
H585_28	28	78	159	69	148	298	192	138
H585_28	28	90	162	69	148	298	192	138
H585_28	28	92	90	69	148	298	192	138
H586_28	28	56	96	69	154	286	198	130
H586_28	28	70	114	73	156	298	201	140
H586_28	28	90	147	89	154	304	204	142
H586_28	28	92	162	69	154	286	207	150
H586_28	28	96	96	69	154	286	210	130
H586_28	28	98	96	69	154	286	213	130
H587_28	28	58	96	69	148	283	198	140
H587_28	28	72	111	73	156	298	207	142
H587_28	28	78	141	89	148	283	210	144
H587_28	28	90	144	69	148	283	198	148
H587_28	28	92	156	69	148	283	198	140
H587_28	28	102	96	69	148	283	198	140
H588_28	28	68	96	69	148	286	192	138
H588_28	28	72	129	89	156	298	198	144
H588_28	28	82	138	69	158	286	201	146
H588_28	28	90	96	69	148	286	204	138
H588_28	28	92	96	69	148	286	192	138
H588_28	28	104	96	69	148	286	192	138
H589_28	28	56	96	69	148	262	198	130
H589_28	28	58	114	89	156	262	201	140
H589_28	28	72	147	69	158	262	204	142
H589_28	28	90	162	69	148	262	210	144
H589_28	28	92	96	69	148	262	198	130
H589_28	28	100	96	69	148	262	198	130
H590_28	28	58	96	69	148	277	192	130
H590_28	28	72	141	73	156	286	198	142
H590_28	28	78	96	89	148	292	201	130
H590_28	28	80	96	97	148	277	207	130
H590_28	28	90	96	69	148	277	210	130
H590_28	28	92	96	69	148	277	216	130
H591_28	28	58	96	69	148	286	201	138
H591_28	28	70	129	73	150	289	204	140
H591_28	28	82	147	89	156	292	207	142
H591_28	28	90	159	69	158	286	210	138
H591_28	28	92	96	69	148	286	216	138
H591_28	28	102	96	69	148	286	201	138
H592_28	28	58	96	69	148	292	204	130
H592_28	28	70	147	73	156	295	207	140
H592_28	28	80	153	89	148	316	213	142
H592_28	28	90	96	69	148	292	204	144
H592_28	28	92	96	69	148	292	204	130
H592_28	28	102	96	69	148	292	204	130
H593_28	28	70	96	73	148	283	210	138
H593_28	28	78	96	89	150	286	210	140
H593_28	28	90	96	73	156	307	210	142
H593_28	28	92	96	73	158	283	210	138
H593_28	28	96	96	73	148	283	210	138
H593_28	28	106	96	73	148	283	210	138
H594_28	28	58	96	69	156	280	198	130
H594_28	28	70	144	73	158	307	201	138
H594_28	28	78	96	89	156	280	204	140
H594_28	28	90	96	69	156	280	207	142
H594_28	28	92	96	69	156	280	210	146
H594_28	28	102	96	69	156	280	216	130
