		F58red	A12green	B3blue	A415black	G431blue	J15green	H231red
		-9	-9	-9	-9	-9	-9	-9
H335_17	17	58	93	69	148	250	198	136
H335_17	17	72	96	73	156	268	201	140
H335_17	17	78	111	89	148	277	204	142
H335_17	17	86	135	69	148	280	207	136
H335_17	17	90	93	69	148	283	210	136
H335_17	17	92	93	69	148	304	213	136
H336_17	17	60	96	77	156	262	198	132
H336_17	17	72	138	77	156	274	201	138
H336_17	17	86	153	77	156	280	204	140
H336_17	17	90	96	77	156	262	213	142
H336_17	17	92	96	77	156	262	198	144
H336_17	17	106	96	77	156	262	198	150
H337_17	17	58	90	69	148	259	192	138
H337_17	17	72	96	89	156	277	198	140
H337_17	17	80	117	69	148	280	192	142
H337_17	17	90	147	69	148	295	192	144
H337_17	17	92	90	69	148	259	192	148
H337_17	17	98	90	69	148	259	192	138
H338_17	17	58	96	69	148	277	180	140
H338_17	17	72	156	73	156	283	192	142
H338_17	17	90	159	89	148	286	204	148
H338_17	17	92	96	97	148	304	210	140
H338_17	17	94	96	69	148	277	213	140
H338_17	17	106	96	69	148	277	216	140
H339_17	17	60	96	69	148	256	180	136
H339_17	17	72	108	73	156	280	192	142
H339_17	17	90	120	89	148	283	204	144
H339_17	17	92	132	153	148	313	207	146
H339_17	17	98	162	69	148	256	210	136
H339_17	17	102	165	69	148	256	213	136
H340_17	17	56	96	69	148	-9	-9	-9
H340_17	17	72	138	73	156	-9	-9	-9
H340_17	17	90	147	89	148	-9	-9	-9
H340_17	17	92	162	69	148	-9	-9	-9
H340_17	17	94	165	69	148	-9	-9	-9
H340_17	17	102	96	69	148	-9	-9	-9
H341_17	17	56	96	69	148	280	198	123
H341_17	17	72	138	73	156	283	201	134
H341_17	17	90	147	89	148	307	204	138
H341_17	17	92	162	69	148	280	198	142
H341_17	17	94	165	69	148	280	198	152
H341_17	17	102	96	69	148	280	198	123
H342_17	17	58	96	69	156	280	189	138
H342_17	17	60	108	73	156	283	201	140
H342_17	17	70	111	89	156	280	204	142
H342_17	17	82	147	69	156	280	207	138
H342_17	17	90	162	69	156	280	210	138
H342_17	17	92	96	69	156	280	216	138
H343_17	17	58	93	69	148	265	180	138
H343_17	17	72	129	73	154	283	204	142
H343_17	17	80	138	89	156	265	207	146
H343_17	17	90	147	149	148	265	210	152
H343_17	17	92	165	69	148	265	213	138
H343_17	17	94	93	69	148	265	216	138
H344_17	17	72	96	69	154	256	180	132
H344_17	17	90	138	73	156	265	201	142
H344_17	17	92	147	89	154	280	204	144
H344_17	17	102	96	69	154	283	213	154
H344_17	17	72	96	69	154	256	180	132
H344_17	17	72	96	69	154	256	180	132
H345_17	17	58	138	69	148	265	180	140
H345_17	17	72	147	73	156	280	201	142
H345_17	17	90	153	89	148	283	204	144
H345_17	17	92	138	69	148	286	180	146
H345_17	17	96	138	69	148	316	180	148
H345_17	17	102	138	69	148	265	180	140
H346_17	17	58	96	69	148	277	195	136
H346_17	17	72	138	73	156	280	201	138
H346_17	17	80	96	89	148	283	204	144
H346_17	17	90	96	69	148	310	207	154
H346_17	17	92	96	69	148	277	210	136
H346_17	17	102	96	69	148	277	216	136
H347_17	17	58	96	69	148	277	204	140
H347_17	17	72	111	73	156	280	210	142
H347_17	17	78	138	89	148	283	213	144
H347_17	17	82	96	69	148	277	204	140
H347_17	17	90	96	69	148	277	204	140
H347_17	17	92	96	69	148	277	204	140
H348_17	17	70	96	69	156	277	204	132
H348_17	17	72	129	73	158	280	210	138
H348_17	17	80	150	89	156	283	213	142
H348_17	17	90	96	97	156	310	204	144
H348_17	17	92	96	69	156	277	204	132
H348_17	17	104	96	69	156	277	204	132
H349_17	17	56	147	69	148	283	180	138
H349_17	17	72	147	73	154	283	201	140
H349_17	17	90	147	89	178	283	204	142
H349_17	17	92	147	69	148	283	180	144
H349_17	17	96	147	69	148	283	180	146
H349_17	17	104	147	69	148	283	180	138
H350_17	17	70	129	69	156	280	180	138
H350_17	17	80	138	73	156	283	204	142
H350_17	17	90	147	89	156	298	207	144
H350_17	17	92	165	149	156	301	213	146
H350_17	17	94	129	69	156	280	180	152
H350_17	17	96	129	69	156	280	180	138
H351_17	17	72	93	69	148	262	207	136
H351_17	17	78	138	73	156	283	210	140
H351_17	17	82	147	69	148	262	216	142
H351_17	17	90	165	69	148	262	207	144
H351_17	17	92	93	69	148	262	207	152
H351_17	17	94	93	69	148	262	207	136
H352_17	17	58	93	69	156	280	207	136
H352_17	17	72	96	73	156	283	210	142
H352_17	17	78	129	149	156	280	213	152
H352_17	17	80	147	69	156	280	216	136
H352_17	17	94	165	69	156	280	207	136
H352_17	17	98	93	69	156	280	207	136
H353_17	17	56	93	69	156	262	198	136
H353_17	17	58	111	73	156	271	201	140
H353_17	17	72	144	149	156	283	204	142
H353_17	17	78	147	69	156	262	207	136
H353_17	17	94	162	69	156	262	210	136
H353_17	17	56	93	69	156	262	216	136
H354_17	17	60	93	69	156	262	180	140
H354_17	17	72	138	73	156	280	189	142
H354_17	17	82	147	69	156	283	195	144
H354_17	17	102	93	69	156	286	201	140
H354_17	17	60	93	69	156	262	210	140
H354_17	17	60	93	69	156	262	216	140
H355_17	17	56	96	69	156	274	180	140
H355_17	17	70	129	69	156	283	189	142
H355_17	17	86	138	69	156	286	195	146
H355_17	17	102	147	69	156	274	201	140
H355_17	17	56	153	69	156	274	204	140
H355_17	17	56	96	69	156	274	207	140
H356_17	17	56	96	69	156	280	189	138
H356_17	17	68	108	69	156	283	195	142
H356_17	17	70	123	69	156	280	204	138
H356_17	17	94	96	69	156	280	207	138
H356_17	17	104	96	69	156	280	210	138
H356_17	17	56	96	69	156	280	216	138
H357_17	17	70	96	69	156	283	189	132
H357_17	17	72	138	73	156	283	192	136
H357_17	17	78	96	69	156	283	195	138
H357_17	17	104	96	69	156	283	198	142
H357_17	17	70	96	69	156	283	201	132
H357_17	17	70	96	69	156	283	210	132
H358_17	17	58	96	73	156	277	189	132
H358_17	17	72	108	77	156	283	195	136
H358_17	17	94	138	73	156	277	198	140
H358_17	17	98	147	73	156	277	204	142
H358_17	17	58	96	73	156	277	207	132
H358_17	17	58	96	73	156	277	210	132
H359_17	17	70	93	69	154	280	189	132
H359_17	17	72	96	69	156	283	195	140
H359_17	17	92	108	69	154	280	201	142
H359_17	17	94	93	69	154	280	204	132
H359_17	17	70	93	69	154	280	207	132
H359_17	17	70	93	69	154	280	210	132
H360_17	17	70	96	69	156	274	189	140
H360_17	17	72	117	73	156	277	198	142
H360_17	17	78	144	69	156	283	201	144
H360_17	17	82	96	69	156	274	204	146
H360_17	17	84	96	69	156	274	207	148
H360_17	17	70	96	69	156	274	189	140
H361_18	18	58	96	69	148	277	198	136
H361_18	18	70	114	73	156	286	201	138
H361_18	18	72	132	89	158	292	198	140
H361_18	18	78	156	69	148	295	198	142
H361_18	18	90	96	69	148	322	198	146
H361_18	18	92	96	69	148	277	198	152
H362_18	18	58	96	69	148	277	198	136
H362_18	18	70	114	73	156	286	201	138
H362_18	18	72	132	89	158	292	198	140
H362_18	18	78	156	69	148	295	198	142
H362_18	18	90	96	69	148	322	198	146
H362_18	18	92	96	69	148	277	198	152
H363_18	18	58	96	69	156	277	189	140
H363_18	18	70	114	89	156	283	192	142
H363_18	18	72	156	69	156	286	195	146
H363_18	18	78	96	69	156	292	198	154
H363_18	18	90	96	69	156	295	201	140
H363_18	18	92	96	69	156	277	204	140
H364_18	18	70	96	69	148	250	189	138
H364_18	18	72	123	73	156	256	195	140
H364_18	18	90	150	89	158	283	204	142
H364_18	18	92	96	69	148	286	207	138
H364_18	18	102	96	69	148	313	210	138
H364_18	18	104	96	69	148	250	222	138
H365_18	18	70	96	69	156	277	189	140
H365_18	18	72	114	89	156	283	192	142
H365_18	18	78	156	97	156	286	195	146
H365_18	18	90	96	69	156	292	198	154
H365_18	18	92	96	69	156	295	201	140
H365_18	18	102	96	69	156	277	204	140
H366_18	18	58	96	69	156	277	198	138
H366_18	18	72	114	73	158	286	201	142
H366_18	18	78	132	89	156	292	198	146
H366_18	18	90	156	69	156	295	198	152
H366_18	18	92	96	69	156	322	198	138
H366_18	18	100	96	69	156	277	198	138
H367_19	19	52	96	69	156	268	195	140
H367_19	19	56	114	73	156	292	198	142
H367_19	19	70	129	69	156	328	201	144
H367_19	19	72	138	69	156	268	204	146
H367_19	19	78	147	69	156	268	213	140
H367_19	19	110	96	69	156	268	195	140
H368_19	19	58	96	73	154	289	-9	136
H368_19	19	70	111	73	156	292	-9	142
H368_19	19	72	141	73	154	289	-9	144
H368_19	19	104	144	73	154	289	-9	146
H368_19	19	108	96	73	154	289	-9	136
H368_19	19	110	96	73	154	289	-9	136
H369_19	19	56	96	69	154	268	201	134
H369_19	19	70	129	73	156	283	201	136
H369_19	19	72	138	69	154	304	201	142
H369_19	19	100	141	69	154	268	201	144
H369_19	19	102	147	69	154	268	201	134
H369_19	19	110	96	69	154	268	201	134
H370_19	19	70	96	73	154	256	-9	140
H370_19	19	72	138	73	156	292	-9	142
H370_19	19	102	96	73	154	295	-9	144
H370_19	19	108	96	73	154	325	-9	148
H370_19	19	70	96	73	154	256	-9	154
H370_19	19	70	96	73	154	256	-9	140
H371_19	19	56	96	69	154	295	195	134
H371_19	19	70	117	73	156	295	198	142
H371_19	19	100	147	69	154	295	201	144
H371_19	19	106	96	69	154	295	204	146
H371_19	19	110	96	69	154	295	219	134
H371_19	19	56	96	69	154	295	195	134
H372_19	19	52	96	69	154	298	189	136
H372_19	19	70	129	73	156	310	192	138
H372_19	19	88	135	69	158	316	195	140
H372_19	19	100	138	69	154	298	198	142
H372_19	19	106	141	69	154	298	201	136
H372_19	19	110	96	69	154	298	189	136
H373_19	19	56	96	69	154	292	192	138
H373_19	19	70	108	73	156	292	192	140
H373_19	19	88	111	69	154	292	192	142
H373_19	19	110	138	69	154	292	192	138
H373_19	19	56	96	69	154	292	192	138
H373_19	19	56	96	69	154	292	192	138
H374_19	19	58	96	69	156	268	189	138
H374_19	19	70	147	73	156	274	192	140
H374_19	19	72	150	69	156	283	195	142
H374_19	19	92	153	69	156	295	189	148
H374_19	19	102	96	69	156	268	189	138
H374_19	19	58	96	69	156	268	189	138
H375_19	19	58	96	69	156	262	195	138
H375_19	19	70	99	73	156	274	201	140
H375_19	19	72	132	69	156	289	204	142
H375_19	19	80	135	69	156	292	207	144
H375_19	19	90	141	69	156	301	210	146
H375_19	19	100	96	69	156	262	213	138
H376_19	19	52	93	73	154	265	195	138
H376_19	19	70	96	73	156	277	204	140
H376_19	19	72	156	73	154	322	213	146
H376_19	19	82	93	73	154	265	219	152
H376_19	19	96	93	73	154	265	195	138
H376_19	19	106	93	73	154	265	195	138
H377_19	19	56	93	69	154	-9	-9	-9
H377_19	19	70	135	73	154	-9	-9	-9
H377_19	19	90	150	69	154	-9	-9	-9
H377_19	19	96	93	69	154	-9	-9	-9
H377_19	19	100	93	69	154	-9	-9	-9
H377_19	19	108	93	69	154	-9	-9	-9
H378_19	19	56	93	69	154	265	210	134
H378_19	19	70	96	73	154	292	216	136
H378_19	19	94	117	69	154	304	210	138
H378_19	19	100	156	69	154	265	210	142
H378_19	19	106	93	69	154	265	210	148
H378_19	19	56	93	69	154	265	210	134
H379_19	19	56	96	73	154	265	198	136
H379_19	19	70	135	73	156	280	201	142
H379_19	19	90	150	73	154	301	198	144
H379_19	19	94	96	73	154	265	198	136
H379_19	19	100	96	73	154	265	198	136
H379_19	19	108	96	73	154	265	198	136
H380_19	19	56	96	69	154	307	195	138
H380_19	19	70	132	73	154	310	201	140
H380_19	19	90	159	69	154	319	204	142
H380_19	19	104	96	69	154	325	219	152
H380_19	19	110	96	69	154	307	195	138
H380_19	19	56	96	69	154	307	195	138
H381_19	19	60	96	69	154	-9	-9	-9
H381_19	19	70	135	73	154	-9	-9	-9
H381_19	19	82	144	69	154	-9	-9	-9
H381_19	19	104	147	69	154	-9	-9	-9
H381_19	19	110	96	69	154	-9	-9	-9
H381_19	19	60	96	69	154	-9	-9	-9
H382_19	19	70	96	69	154	265	192	136
H382_19	19	110	108	73	154	274	198	142
H382_19	19	70	144	69	154	316	207	144
H382_19	19	70	96	69	154	322	210	146
H382_19	19	70	96	69	154	265	216	154
H382_19	19	70	96	69	154	265	192	136
H383_19	19	70	96	69	154	262	189	136
H383_19	19	110	141	73	154	274	192	138
H383_19	19	70	147	69	154	283	195	140
H383_19	19	70	96	69	154	292	201	142
H383_19	19	70	96	69	154	295	207	136
H383_19	19	70	96	69	154	262	189	136
H384_19	19	70	96	69	154	265	192	136
H384_19	19	86	147	73	154	280	192	138
H384_19	19	96	96	69	154	295	192	140
H384_19	19	102	96	69	154	307	192	146
H384_19	19	104	96	69	154	265	192	136
H384_19	19	70	96	69	154	265	192	136
H385_19	19	58	96	69	154	253	192	140
H385_19	19	68	153	73	154	259	195	142
H385_19	19	96	96	69	154	292	207	144
H385_19	19	102	96	69	154	304	213	152
H385_19	19	104	96	69	154	307	225	140
H385_19	19	106	96	69	154	310	192	140
H386_19	19	56	96	69	154	310	201	142
H386_19	19	70	135	73	154	325	207	146
H386_19	19	90	138	69	154	334	201	148
H386_19	19	96	96	69	154	310	201	142
H386_19	19	106	96	69	154	310	201	142
H386_19	19	108	96	69	154	310	201	142
H387_19	19	68	96	73	154	271	189	134
H387_19	19	70	99	73	154	280	201	140
H387_19	19	90	156	73	154	286	189	142
H387_19	19	100	162	73	154	295	189	146
H387_19	19	106	96	73	154	271	189	134
H387_19	19	108	96	73	154	271	189	134
H388_19	19	56	96	69	154	289	195	136
H388_19	19	70	159	73	156	298	204	140
H388_19	19	100	96	141	154	301	207	142
H388_19	19	104	96	69	154	289	213	152
H388_19	19	56	96	69	154	289	216	154
H388_19	19	56	96	69	154	289	225	136
H389_19	19	56	96	69	154	277	189	130
H389_19	19	70	105	73	154	280	192	136
H389_19	19	88	117	77	154	295	195	142
H389_19	19	102	96	69	154	277	225	144
H389_19	19	104	96	69	154	277	189	146
H389_19	19	56	96	69	154	277	189	130
H390_19	19	58	96	73	154	271	192	138
H390_19	19	70	138	149	154	274	204	140
H390_19	19	88	153	73	154	292	219	142
H390_19	19	100	96	73	154	295	192	138
H390_19	19	102	96	73	154	271	192	138
H390_19	19	58	96	73	154	271	192	138
H391_19	19	68	93	69	154	283	192	138
H391_19	19	70	96	73	154	292	195	142
H391_19	19	88	135	69	154	295	198	144
H391_19	19	94	93	69	154	325	219	146
H391_19	19	98	93	69	154	283	192	138
H391_19	19	110	93	69	154	283	192	138
H392_19	19	58	96	69	154	295	-9	140
H392_19	19	70	111	73	154	301	-9	144
H392_19	19	98	138	69	154	304	-9	146
H392_19	19	102	141	69	154	322	-9	140
H392_19	19	104	96	69	154	295	-9	140
H392_19	19	110	96	69	154	295	-9	140
H393_19	19	70	93	69	154	265	180	138
H393_19	19	88	96	73	154	280	195	140
H393_19	19	110	111	69	154	304	204	144
H393_19	19	70	93	69	154	265	219	146
H393_19	19	70	93	69	154	265	180	138
H393_19	19	70	93	69	154	265	180	138
H394_19	19	56	96	69	154	280	180	136
H394_19	19	70	117	69	156	286	189	142
H394_19	19	78	138	69	154	313	192	144
H394_19	19	104	141	69	154	280	195	146
H394_19	19	110	96	69	154	280	204	152
H394_19	19	56	96	69	154	280	180	136
H395_19	19	56	96	69	154	283	198	134
H395_19	19	68	144	73	156	286	201	142
H395_19	19	70	96	69	154	292	204	144
H395_19	19	90	96	69	154	295	198	146
H395_19	19	92	96	69	154	313	198	134
H395_19	19	106	96	69	154	325	198	134
H396_19	19	70	96	73	154	280	201	136
H396_19	19	100	108	77	156	292	204	138
H396_19	19	102	141	73	154	298	207	142
H396_19	19	108	147	73	154	301	213	144
H396_19	19	70	96	73	154	304	225	146
H396_19	19	70	96	73	154	280	201	136
H397_20	20	70	96	69	154	277	198	136
H397_20	20	82	126	73	156	283	204	140
H397_20	20	96	129	69	154	301	207	148
H397_20	20	102	96	69	154	313	210	136
H397_20	20	70	96	69	154	316	213	136
H397_20	20	70	96	69	154	322	219	136
H398_20	20	70	87	69	154	259	198	136
H398_20	20	72	90	73	156	265	207	140
H398_20	20	76	96	69	154	277	210	148
H398_20	20	78	114	69	154	280	198	136
H398_20	20	70	123	69	154	310	198	136
H398_20	20	70	87	69	154	325	198	136
H399_20	20	60	90	69	156	265	189	138
H399_20	20	70	96	73	156	277	192	148
H399_20	20	78	114	69	156	280	198	152
H399_20	20	84	90	69	156	292	204	154
H399_20	20	92	90	69	156	304	207	138
H399_20	20	60	90	69	156	310	189	138
H400_20	20	70	90	69	156	271	192	136
H400_20	20	72	96	73	156	274	195	138
H400_20	20	78	114	69	156	280	198	140
H400_20	20	82	90	69	156	289	204	142
H400_20	20	102	90	69	156	319	210	146
H400_20	20	108	90	69	156	271	192	136
H401_20	20	56	96	69	154	271	195	130
H401_20	20	70	108	73	156	280	201	138
H401_20	20	72	123	69	154	283	204	140
H401_20	20	84	126	69	154	286	207	142
H401_20	20	98	132	69	154	295	195	144
H401_20	20	56	96	69	154	298	195	146
H402_20	20	56	93	69	154	250	201	136
H402_20	20	66	96	73	154	268	201	138
H402_20	20	70	108	69	154	283	201	142
H402_20	20	78	93	69	154	286	201	144
H402_20	20	108	93	69	154	292	201	146
H402_20	20	56	93	69	154	304	201	136
H403_20	20	60	96	69	156	259	204	136
H403_20	20	70	153	73	156	274	207	138
H403_20	20	78	156	69	156	277	210	140
H403_20	20	100	96	69	156	280	204	142
H403_20	20	60	96	69	156	295	204	144
H403_20	20	60	96	69	156	310	204	136
H404_20	20	70	96	69	154	274	192	130
H404_20	20	78	132	73	156	307	198	140
H404_20	20	82	150	69	154	310	204	142
H404_20	20	102	96	69	154	313	210	144
H404_20	20	70	96	69	154	274	192	130
H404_20	20	70	96	69	154	274	192	130
H405_20	20	60	96	69	154	268	210	130
H405_20	20	70	114	73	156	274	210	132
H405_20	20	72	153	69	154	304	210	140
H405_20	20	82	96	69	154	310	210	142
H405_20	20	84	96	69	154	313	210	130
H405_20	20	108	96	69	154	268	210	130
H406_20	20	60	96	69	154	262	198	130
H406_20	20	70	126	69	156	277	198	136
H406_20	20	72	150	69	154	295	198	142
H406_20	20	82	96	69	154	304	198	144
H406_20	20	86	96	69	154	307	198	146
H406_20	20	60	96	69	154	262	198	130
H407_20	20	70	96	73	154	268	189	130
H407_20	20	72	123	141	156	283	195	142
H407_20	20	78	174	157	154	289	207	144
H407_20	20	70	96	73	154	307	210	146
H407_20	20	70	96	73	154	268	213	130
H407_20	20	70	96	73	154	268	189	130
H408_20	20	70	93	69	154	256	192	136
H408_20	20	82	96	69	154	268	213	138
H408_20	20	86	126	69	154	274	192	140
H408_20	20	104	135	69	154	277	192	142
H408_20	20	70	93	69	154	280	192	146
H408_20	20	70	93	69	154	295	192	136
H409_20	20	70	90	69	154	268	192	130
H409_20	20	78	123	73	156	283	198	136
H409_20	20	88	150	69	154	298	216	140
H409_20	20	106	90	69	154	307	192	142
H409_20	20	70	90	69	154	268	192	144
H409_20	20	70	90	69	154	268	192	130
H410_20	20	70	96	69	156	274	192	130
H410_20	20	80	135	73	156	277	210	136
H410_20	20	104	162	141	156	280	192	138
H410_20	20	70	96	69	156	283	192	142
H410_20	20	70	96	69	156	274	192	152
H410_20	20	70	96	69	156	274	192	130
H411_21	21	70	96	-9	158	-9	195	136
H411_21	21	80	111	-9	158	-9	198	138
H411_21	21	70	129	-9	158	-9	204	142
H411_21	21	70	153	-9	158	-9	207	148
H411_21	21	70	96	-9	158	-9	213	136
H411_21	21	70	96	-9	158	-9	195	136
H412_21	21	78	126	129	170	295	195	144
H412_21	21	82	129	153	172	295	198	146
H412_21	21	78	126	129	170	295	195	144
H412_21	21	78	126	129	170	295	195	144
H412_21	21	78	126	129	170	295	195	144
H412_21	21	78	126	129	170	295	195	144
H413_21	21	70	96	69	148	280	192	138
H413_21	21	72	117	69	156	283	198	140
H413_21	21	70	153	69	148	280	201	142
H413_21	21	70	96	69	148	280	204	146
H413_21	21	70	96	69	148	280	192	148
H413_21	21	70	96	69	148	280	192	138
H414_21	21	70	96	69	156	-9	195	136
H414_21	21	70	153	73	156	-9	198	142
H414_21	21	70	159	69	156	-9	201	146
H414_21	21	70	96	69	156	-9	204	136
H414_21	21	70	96	69	156	-9	210	136
H414_21	21	70	96	69	156	-9	213	136
H415_21	21	70	93	69	154	-9	198	136
H415_21	21	82	96	69	156	-9	204	142
H415_21	21	70	111	69	154	-9	207	146
H415_21	21	70	93	69	154	-9	198	136
H415_21	21	70	93	69	154	-9	198	136
H415_21	21	70	93	69	154	-9	198	136
H416_21	21	56	93	69	156	256	195	136
H416_21	21	72	96	85	158	283	198	140
H416_21	21	82	111	69	156	256	204	142
H416_21	21	98	117	69	156	256	207	146
H416_21	21	110	129	69	156	256	210	136
H416_21	21	56	159	69	156	256	213	136
H417_21	21	82	93	69	148	280	198	136
H417_21	21	92	96	73	156	280	204	142
H417_21	21	98	129	85	148	280	198	136
H417_21	21	82	153	69	148	280	198	136
H417_21	21	82	93	69	148	280	198	136
H417_21	21	82	93	69	148	280	198	136
H418_21	21	98	93	69	148	283	198	136
H418_21	21	106	96	73	156	283	204	138
H418_21	21	110	129	85	148	283	198	142
H418_21	21	98	156	69	148	283	198	146
H418_21	21	98	93	69	148	283	198	136
H418_21	21	98	93	69	148	283	198	136
H419_21	21	72	96	73	156	283	192	136
H419_21	21	82	117	73	158	283	198	138
H419_21	21	88	153	73	156	283	201	142
H419_21	21	92	96	73	156	283	204	146
H419_21	21	72	96	73	156	283	207	148
H419_21	21	72	96	73	156	283	192	136
H420_21	21	60	126	85	184	271	198	138
H420_21	21	74	135	129	184	274	201	146
H420_21	21	80	126	161	184	271	198	138
H420_21	21	60	126	85	184	271	198	138
H420_21	21	60	126	85	184	271	198	138
H420_21	21	60	126	85	184	271	198	138
H421_21	21	70	93	69	156	280	192	128
H421_21	21	90	96	85	158	280	198	136
H421_21	21	98	153	69	156	280	201	138
H421_21	21	104	156	69	156	280	192	146
H421_21	21	70	93	69	156	280	192	152
H421_21	21	70	93	69	156	280	192	128
H422_21	21	70	96	85	156	283	198	128
H422_21	21	72	153	85	158	283	204	136
H422_21	21	88	156	85	156	283	207	138
H422_21	21	90	96	85	156	283	198	142
H422_21	21	70	96	85	156	283	198	128
H422_21	21	70	96	85	156	283	198	128
H423_21	21	70	96	69	156	283	198	136
H423_21	21	72	120	85	156	283	204	140
H423_21	21	88	129	69	156	283	207	142
H423_21	21	90	156	69	156	283	198	146
H423_21	21	70	162	69	156	283	198	136
H423_21	21	70	96	69	156	283	198	136
H424_21	21	70	93	69	156	256	198	136
H424_21	21	96	96	73	158	268	204	146
H424_21	21	102	117	69	156	274	207	136
H424_21	21	70	153	69	156	277	198	136
H424_21	21	70	156	69	156	280	198	136
H424_21	21	70	93	69	156	283	198	136
H425_21	21	80	96	89	170	256	195	142
H425_21	21	82	102	89	170	268	198	142
H425_21	21	92	114	89	170	256	195	142
H425_21	21	94	96	89	170	256	195	142
H425_21	21	80	96	89	170	256	195	142
H425_21	21	80	96	89	170	256	195	142
H426_21	21	60	93	129	176	274	195	142
H426_21	21	78	129	129	176	274	198	144
H426_21	21	86	93	129	176	274	195	142
H426_21	21	92	93	129	176	274	195	142
H426_21	21	94	93	129	176	274	195	142
H426_21	21	60	93	129	176	274	195	142
H427_21	21	60	111	129	178	253	195	142
H427_21	21	80	111	165	180	271	198	144
H427_21	21	86	111	129	178	274	195	142
H427_21	21	92	111	129	178	277	195	142
H427_21	21	94	111	129	178	304	195	142
H427_21	21	60	111	129	178	319	195	142
H428_21	21	60	93	129	170	274	195	140
H428_21	21	78	129	129	206	274	195	142
H428_21	21	86	93	129	208	274	195	140
H428_21	21	92	93	129	170	274	195	140
H428_21	21	94	93	129	170	274	195	140
H428_21	21	60	93	129	170	274	195	140
H429_21	21	60	132	89	174	253	195	140
H429_21	21	80	132	129	174	274	198	142
H429_21	21	92	132	89	174	289	195	140
H429_21	21	94	132	89	174	253	195	140
H429_21	21	60	132	89	174	253	195	140
H429_21	21	60	132	89	174	253	195	140
H430_21	21	60	93	129	172	253	195	140
H430_21	21	78	129	153	184	268	195	142
H430_21	21	82	93	129	172	271	195	140
H430_21	21	90	93	129	172	274	195	140
H430_21	21	92	93	129	172	277	195	140
H430_21	21	60	93	129	172	304	195	140
H431_21	21	60	93	129	172	274	195	140
H431_21	21	78	126	153	182	277	195	142
H431_21	21	82	129	129	184	301	195	140
H431_21	21	90	93	129	172	304	195	140
H431_21	21	92	93	129	172	274	195	140
H431_21	21	60	93	129	172	274	195	140
H432_22	22	58	96	69	156	283	189	136
H432_22	22	66	141	73	156	286	195	138
H432_22	22	70	144	77	156	283	204	140
H432_22	22	102	150	69	156	283	207	142
H432_22	22	104	96	69	156	283	189	136
H432_22	22	106	96	69	156	283	189	136
H433_22	22	66	96	73	156	292	189	128
H433_22	22	70	123	73	156	292	195	136
H433_22	22	106	129	73	156	292	204	140
H433_22	22	66	141	73	156	292	207	142
H433_22	22	66	96	73	156	292	189	144
H433_22	22	66	96	73	156	292	189	128
H434_22	22	66	96	69	156	283	192	128
H434_22	22	70	114	73	156	295	198	130
H434_22	22	72	123	77	156	310	207	134
H434_22	22	66	144	69	156	283	213	136
H434_22	22	66	150	69	156	283	216	140
H434_22	22	66	96	69	156	283	192	142
H435_22	22	58	96	73	156	265	195	136
H435_22	22	60	120	73	156	283	204	140
H435_22	22	70	138	73	156	265	207	144
H435_22	22	58	144	73	156	265	195	146
H435_22	22	58	96	73	156	265	195	136
H435_22	22	58	96	73	156	265	195	136
H436_22	22	70	96	69	156	262	-9	136
H436_22	22	102	141	73	156	292	-9	144
H436_22	22	70	153	69	156	295	-9	136
H436_22	22	70	96	69	156	298	-9	136
H436_22	22	70	96	69	156	304	-9	136
H436_22	22	70	96	69	156	262	-9	136
H437_22	22	58	96	69	156	289	192	136
H437_22	22	60	141	73	156	292	198	138
H437_22	22	70	96	77	156	289	207	142
H437_22	22	72	96	69	156	289	210	144
H437_22	22	106	96	69	156	289	213	146
H437_22	22	58	96	69	156	289	216	136
H438_22	22	58	105	69	156	262	201	138
H438_22	22	70	111	73	156	295	204	142
H438_22	22	96	123	77	156	301	210	144
H438_22	22	100	144	69	156	262	201	138
H438_22	22	102	105	69	156	262	201	138
H438_22	22	104	105	69	156	262	201	138
H439_22	22	58	96	69	156	286	189	136
H439_22	22	70	123	73	156	301	192	140
H439_22	22	72	96	69	156	304	195	136
H439_22	22	106	96	69	156	286	207	136
H439_22	22	108	96	69	156	286	189	136
H439_22	22	58	96	69	156	286	189	136
H440_22	22	70	96	69	156	256	204	138
H440_22	22	70	99	73	156	262	207	140
H440_22	22	70	96	77	156	256	204	144
H440_22	22	70	96	69	156	256	204	138
H440_22	22	70	96	69	156	256	204	138
H440_22	22	70	96	69	156	256	204	138
H441_22	22	70	96	73	156	256	198	136
H441_22	22	70	153	141	156	289	201	140
H441_22	22	70	96	73	156	292	204	142
H441_22	22	70	96	73	156	256	207	144
H441_22	22	70	96	73	156	256	210	146
H441_22	22	70	96	73	156	256	198	136
H442_22	22	58	96	69	156	-9	-9	-9
H442_22	22	70	141	73	156	-9	-9	-9
H442_22	22	82	150	141	156	-9	-9	-9
H442_22	22	102	153	69	156	-9	-9	-9
H442_22	22	106	96	69	156	-9	-9	-9
H442_22	22	108	96	69	156	-9	-9	-9
H443_22	22	70	96	69	156	292	189	128
H443_22	22	80	99	73	158	292	204	136
H443_22	22	70	96	141	156	292	189	140
H443_22	22	70	96	69	156	292	189	142
H443_22	22	70	96	69	156	292	189	144
H443_22	22	70	96	69	156	292	189	128
H444_22	22	58	96	69	156	265	195	138
H444_22	22	70	123	73	156	289	201	140
H444_22	22	94	144	69	156	292	204	142
H444_22	22	104	153	69	156	319	207	144
H444_22	22	106	96	69	156	265	210	138
H444_22	22	58	96	69	156	265	213	138
H445_22	22	58	96	69	156	262	192	136
H445_22	22	70	123	73	158	268	195	138
H445_22	22	96	153	69	156	292	198	140
H445_22	22	106	96	69	156	262	201	142
H445_22	22	108	96	69	156	262	204	146
H445_22	22	58	96	69	156	262	207	136
H446_22	22	58	96	69	156	289	195	130
H446_22	22	70	153	73	156	292	198	136
H446_22	22	72	96	141	156	304	204	138
H446_22	22	106	96	69	156	307	207	144
H446_22	22	108	96	69	156	289	210	130
H446_22	22	58	96	69	156	289	213	130
H447_22	22	52	96	69	156	262	198	130
H447_22	22	62	114	73	158	280	201	136
H447_22	22	72	129	141	156	292	204	138
H447_22	22	82	132	69	156	307	207	140
H447_22	22	92	141	69	156	310	198	130
H447_22	22	102	96	69	156	262	198	130
H448_22	22	70	96	69	156	262	198	126
H448_22	22	72	141	73	156	286	201	136
H448_22	22	82	96	69	156	319	204	140
H448_22	22	92	96	69	156	262	207	144
H448_22	22	102	96	69	156	262	198	146
H448_22	22	70	96	69	156	262	198	126
H449_22	22	52	96	69	156	262	192	130
H449_22	22	70	99	73	156	283	195	136
H449_22	22	72	132	69	156	286	198	138
H449_22	22	92	153	69	156	289	204	142
H449_22	22	102	96	69	156	292	207	144
H449_22	22	52	96	69	156	262	210	130
H450_22	22	70	96	69	156	268	198	138
H450_22	22	70	123	73	156	280	201	140
H450_22	22	70	141	69	156	292	204	142
H450_22	22	70	153	69	156	298	210	146
H450_22	22	70	96	69	156	268	198	138
H450_22	22	70	96	69	156	268	198	138
H451_22	22	70	96	73	156	262	195	136
H451_22	22	72	117	73	158	277	198	140
H451_22	22	70	129	73	156	262	204	142
H451_22	22	70	141	73	156	262	207	146
H451_22	22	70	144	73	156	262	213	136
H451_22	22	70	96	73	156	262	195	136
H452_22	22	70	96	69	156	283	192	138
H452_22	22	70	111	73	156	289	198	140
H452_22	22	70	126	77	156	283	201	142
H452_22	22	70	153	69	156	283	204	138
H452_22	22	70	96	69	156	283	207	138
H452_22	22	70	96	69	156	283	210	138
H453_22	22	52	96	69	156	280	192	136
H453_22	22	70	126	73	156	283	198	140
H453_22	22	100	141	77	156	286	201	142
H453_22	22	102	96	69	156	280	204	144
H453_22	22	52	96	69	156	280	207	136
H453_22	22	52	96	69	156	280	210	136
H454_22	22	70	96	69	156	262	189	136
H454_22	22	70	123	73	156	295	192	140
H454_22	22	70	141	69	156	298	195	142
H454_22	22	70	153	69	156	304	198	146
H454_22	22	70	96	69	156	262	207	136
H454_22	22	70	96	69	156	262	213	136
H455_22	22	70	96	73	156	274	198	138
H455_22	22	72	114	73	156	277	201	142
H455_22	22	70	153	73	156	283	204	144
H455_22	22	70	96	73	156	307	207	138
H455_22	22	70	96	73	156	310	210	138
H455_22	22	70	96	73	156	274	213	138
H456_22	22	70	96	69	156	262	198	136
H456_22	22	104	114	73	156	268	201	138
H456_22	22	108	120	69	156	271	210	142
H456_22	22	70	141	69	156	274	198	144
H456_22	22	70	96	69	156	298	198	136
H456_22	22	70	96	69	156	262	198	136
H457_23	23	68	96	69	156	280	195	132
H457_23	23	70	111	73	156	283	198	140
H457_23	23	96	120	141	156	280	213	142
H457_23	23	68	132	69	156	280	195	146
H457_23	23	68	96	69	156	280	195	148
H457_23	23	68	96	69	156	280	195	132
H458_23	23	70	96	69	148	277	195	132
H458_23	23	96	120	73	156	280	201	136
H458_23	23	70	141	69	148	277	213	140
H458_23	23	70	144	69	148	277	195	146
H458_23	23	70	96	69	148	277	195	148
H458_23	23	70	96	69	148	277	195	132
H459_23	23	76	93	73	156	-9	198	136
H459_23	23	76	96	73	156	-9	201	140
H459_23	23	76	105	73	156	-9	204	144
H459_23	23	76	93	73	156	-9	207	146
H459_23	23	76	93	73	156	-9	198	136
H459_23	23	76	93	73	156	-9	198	136
H460_23	23	78	96	73	156	262	195	140
H460_23	23	78	105	141	156	280	198	142
H460_23	23	78	144	73	156	262	213	144
H460_23	23	78	96	73	156	262	195	146
H460_23	23	78	96	73	156	262	195	148
H460_23	23	78	96	73	156	262	195	140
H461_23	23	70	93	69	156	259	198	132
H461_23	23	78	96	73	156	259	204	140
H461_23	23	94	105	93	156	259	207	142
H461_23	23	100	141	69	156	259	198	146
H461_23	23	102	144	69	156	259	198	148
H461_23	23	104	93	69	156	259	198	132
H462_23	23	70	105	69	148	286	195	132
H462_23	23	72	111	73	156	289	198	138
H462_23	23	78	105	93	158	295	213	140
H462_23	23	90	105	141	148	298	195	142
H462_23	23	94	105	69	148	286	195	148
H462_23	23	100	105	69	148	286	195	132
H463_23	23	70	96	69	156	289	175	-9
H463_23	23	72	105	73	156	289	178	-9
H463_23	23	78	132	77	156	289	186	-9
H463_23	23	94	141	69	156	289	198	-9
H463_23	23	100	96	69	156	289	175	-9
H463_23	23	104	96	69	156	289	175	-9
H464_23	23	72	96	69	148	289	195	140
H464_23	23	78	105	73	156	289	198	146
H464_23	23	92	111	69	148	289	204	148
H464_23	23	94	132	69	148	289	207	140
H464_23	23	100	96	69	148	289	213	140
H464_23	23	104	96	69	148	289	195	140
H465_23	23	72	96	69	148	259	195	132
H465_23	23	78	120	73	154	265	210	142
H465_23	23	90	123	69	156	289	213	144
H465_23	23	92	132	69	148	307	195	146
H465_23	23	94	96	69	148	310	195	132
H465_23	23	104	96	69	148	259	195	132
H466_23	23	56	84	77	148	-9	-9	-9
H466_23	23	58	99	85	154	-9	-9	-9
H466_23	23	78	111	101	156	-9	-9	-9
H466_23	23	80	132	77	158	-9	-9	-9
H466_23	23	56	144	77	148	-9	-9	-9
H466_23	23	56	84	77	148	-9	-9	-9
H467_23	23	72	96	73	148	274	195	138
H467_23	23	78	132	73	156	289	210	140
H467_23	23	92	144	73	148	298	213	142
H467_23	23	94	96	73	148	307	195	146
H467_23	23	100	96	73	148	274	195	148
H467_23	23	104	96	73	148	274	195	138
H468_23	23	-9	-9	-9	-9	265	204	142
H468_23	23	-9	-9	-9	-9	280	207	146
H468_23	23	-9	-9	-9	-9	283	204	142
H468_23	23	-9	-9	-9	-9	265	204	142
H468_23	23	-9	-9	-9	-9	265	204	142
H468_23	23	-9	-9	-9	-9	265	204	142
H469_23	23	72	96	65	148	259	189	132
H469_23	23	78	105	69	156	283	198	140
H469_23	23	92	117	73	148	289	189	146
H469_23	23	94	132	65	148	259	189	132
H469_23	23	100	141	65	148	259	189	132
H469_23	23	108	96	65	148	259	189	132
H470_24	24	70	96	89	156	256	195	138
H470_24	24	92	99	89	156	262	204	140
H470_24	24	94	105	89	156	271	213	142
H470_24	24	70	96	89	156	277	195	148
H470_24	24	70	96	89	156	256	195	138
H470_24	24	70	96	89	156	256	195	138
H471_24	24	70	96	69	156	301	192	138
H471_24	24	92	132	73	156	304	198	142
H471_24	24	94	135	89	156	301	201	138
H471_24	24	70	150	69	156	301	204	138
H471_24	24	70	96	69	156	301	192	138
H471_24	24	70	96	69	156	301	192	138
H472_24	24	72	93	69	156	-9	195	-9
H472_24	24	76	96	73	156	-9	204	-9
H472_24	24	92	93	89	156	-9	195	-9
H472_24	24	94	93	69	156	-9	195	-9
H472_24	24	72	93	69	156	-9	195	-9
H472_24	24	72	93	69	156	-9	195	-9
H473_24	24	72	96	69	156	256	192	136
H473_24	24	90	132	73	158	283	195	140
H473_24	24	92	138	89	156	256	198	142
H473_24	24	102	96	69	156	256	201	146
H473_24	24	108	96	69	156	256	204	136
H473_24	24	110	96	69	156	256	192	136
H474_24	24	72	96	69	156	-9	-9	-9
H474_24	24	82	138	73	156	-9	-9	-9
H474_24	24	90	96	77	156	-9	-9	-9
H474_24	24	92	96	89	156	-9	-9	-9
H474_24	24	108	96	69	156	-9	-9	-9
H474_24	24	72	96	69	156	-9	-9	-9
H475_24	24	70	93	73	156	274	192	138
H475_24	24	76	96	89	156	301	201	140
H475_24	24	90	132	73	156	274	204	142
H475_24	24	92	138	73	156	274	192	146
H475_24	24	106	144	73	156	274	192	138
H475_24	24	110	93	73	156	274	192	138
H476_24	24	70	96	69	156	277	192	136
H476_24	24	90	117	73	156	280	201	138
H476_24	24	92	123	89	156	298	192	140
H476_24	24	106	96	69	156	277	192	142
H476_24	24	108	96	69	156	277	192	136
H476_24	24	70	96	69	156	277	192	136
H477_24	24	72	87	69	156	256	192	132
H477_24	24	76	93	73	156	268	198	138
H477_24	24	82	96	77	156	292	201	140
H477_24	24	92	87	89	156	298	204	142
H477_24	24	94	87	69	156	301	207	132
H477_24	24	108	87	69	156	313	210	132
H478_24	24	52	96	74	156	292	-9	136
H478_24	24	72	99	89	158	298	-9	138
H478_24	24	90	132	74	156	301	-9	140
H478_24	24	92	135	74	156	313	-9	142
H478_24	24	110	138	74	156	292	-9	136
H478_24	24	52	96	74	156	292	-9	136
H479_24	24	72	96	69	156	295	192	140
H479_24	24	86	99	73	156	298	201	142
H479_24	24	90	135	89	156	301	192	144
H479_24	24	92	147	69	156	295	192	140
H479_24	24	96	96	69	156	295	192	140
H479_24	24	110	96	69	156	295	192	140
H480_24	24	72	96	73	156	271	186	136
H480_24	24	90	129	89	156	289	192	138
H480_24	24	92	147	73	156	292	195	142
H480_24	24	110	96	73	156	301	198	144
H480_24	24	72	96	73	156	271	201	146
H480_24	24	72	96	73	156	271	204	136
H481_24	24	72	96	69	156	256	201	140
H481_24	24	84	117	73	156	277	207	142
H481_24	24	92	132	89	156	280	201	146
H481_24	24	94	96	69	156	283	201	140
H481_24	24	110	96	69	156	304	201	140
H481_24	24	72	96	69	156	313	201	140
H482_24	24	52	96	69	156	-9	-9	-9
H482_24	24	72	117	73	156	-9	-9	-9
H482_24	24	84	138	77	156	-9	-9	-9
H482_24	24	90	96	89	156	-9	-9	-9
H482_24	24	92	96	69	156	-9	-9	-9
H482_24	24	102	96	69	156	-9	-9	-9
H483_24	24	52	93	69	156	256	192	142
H483_24	24	70	96	73	156	262	201	144
H483_24	24	82	129	89	156	268	192	142
H483_24	24	90	138	69	156	277	192	142
H483_24	24	92	147	69	156	289	192	142
H483_24	24	110	93	69	156	301	192	142
H484_24	24	52	96	69	156	262	195	138
H484_24	24	56	144	73	156	268	204	142
H484_24	24	72	96	89	156	274	195	138
H484_24	24	82	96	69	156	277	195	138
H484_24	24	90	96	69	156	289	195	138
H484_24	24	106	96	69	156	262	195	138
H485_24	24	72	96	69	156	262	189	132
H485_24	24	92	132	73	156	277	195	138
H485_24	24	94	135	89	156	292	198	140
H485_24	24	106	96	69	156	295	204	142
H485_24	24	72	96	69	156	298	189	132
H485_24	24	72	96	69	156	301	189	132
H486_24	24	52	96	69	156	274	192	136
H486_24	24	72	120	73	156	304	198	138
H486_24	24	90	132	89	156	313	201	142
H486_24	24	92	138	69	156	274	204	136
H486_24	24	110	96	69	156	274	192	136
H486_24	24	52	96	69	156	274	192	136
H487_24	24	52	96	73	156	256	-9	138
H487_24	24	70	132	77	156	277	-9	140
H487_24	24	90	138	89	156	283	-9	142
H487_24	24	92	144	73	156	301	-9	144
H487_24	24	108	96	73	156	256	-9	138
H487_24	24	110	96	73	156	256	-9	138
H488_24	24	52	93	73	156	256	192	138
H488_24	24	72	96	89	156	262	201	142
H488_24	24	76	93	73	156	271	192	144
H488_24	24	82	93	73	156	289	192	138
H488_24	24	90	93	73	156	256	192	138
H488_24	24	92	93	73	156	256	192	138
H489_24	24	52	96	73	156	271	204	136
H489_24	24	72	117	77	156	292	204	140
H489_24	24	82	123	89	156	271	204	142
H489_24	24	90	156	73	156	271	204	144
H489_24	24	92	96	73	156	271	204	146
H489_24	24	52	96	73	156	271	204	136
H490_24	24	52	96	69	156	-9	-9	-9
H490_24	24	72	117	73	156	-9	-9	-9
H490_24	24	82	135	89	156	-9	-9	-9
H490_24	24	90	96	69	156	-9	-9	-9
H490_24	24	92	96	69	156	-9	-9	-9
H490_24	24	52	96	69	156	-9	-9	-9
H491_24	24	52	96	69	156	256	-9	132
H491_24	24	60	132	73	156	286	-9	136
H491_24	24	72	138	89	156	292	-9	140
H491_24	24	82	96	69	156	298	-9	142
H491_24	24	90	96	69	156	301	-9	146
H491_24	24	92	96	69	156	310	-9	132
H492_25	25	72	99	73	156	289	180	134
H492_25	25	96	123	73	156	295	198	140
H492_25	25	100	159	73	156	301	201	142
H492_25	25	72	99	73	156	289	207	146
H492_25	25	72	99	73	156	289	210	134
H492_25	25	72	99	73	156	289	213	134
H493_25	25	72	99	73	156	289	180	134
H493_25	25	96	123	73	156	295	198	140
H493_25	25	100	159	73	156	301	201	134
H493_25	25	72	99	73	156	289	207	134
H493_25	25	72	99	73	156	289	210	134
H493_25	25	72	99	73	156	289	213	134
H494_25	25	72	99	73	156	289	180	134
H494_25	25	96	123	73	156	295	198	140
H494_25	25	100	159	73	156	301	201	134
H494_25	25	72	99	73	156	289	207	134
H494_25	25	72	99	73	156	289	210	134
H494_25	25	72	99	73	156	289	213	134
H495_25	25	70	96	69	156	289	192	136
H495_25	25	72	123	73	156	295	198	140
H495_25	25	70	138	69	156	301	201	142
H495_25	25	70	156	69	156	289	204	146
H495_25	25	70	96	69	156	289	207	136
H495_25	25	70	96	69	156	289	192	136
H496_25	25	70	96	69	156	277	192	142
H496_25	25	72	135	69	156	295	198	148
H496_25	25	78	144	69	156	307	201	142
H496_25	25	84	153	69	156	310	204	142
H496_25	25	106	96	69	156	277	207	142
H496_25	25	70	96	69	156	277	192	142
H497_25	25	58	96	73	156	268	192	136
H497_25	25	70	144	73	158	277	198	140
H497_25	25	72	156	73	156	280	201	142
H497_25	25	58	96	73	156	283	204	144
H497_25	25	58	96	73	156	268	213	146
H497_25	25	58	96	73	156	268	192	136
H498_25	25	70	96	69	156	277	192	142
H498_25	25	72	135	69	156	295	198	148
H498_25	25	78	144	69	156	307	201	142
H498_25	25	84	153	69	156	310	204	142
H498_25	25	96	96	69	156	277	207	142
H498_25	25	106	96	69	156	277	192	142
H499_25	25	72	87	69	156	265	-9	136
H499_25	25	88	96	69	156	274	-9	140
H499_25	25	96	87	69	156	310	-9	142
H499_25	25	100	87	69	156	265	-9	136
H499_25	25	104	87	69	156	265	-9	136
H499_25	25	72	87	69	156	265	-9	136
H500_25	25	60	96	69	156	274	-9	136
H500_25	25	72	96	73	156	298	-9	140
H500_25	25	80	96	77	156	274	-9	142
H500_25	25	82	96	69	156	274	-9	146
H500_25	25	100	96	69	156	274	-9	148
H500_25	25	108	96	69	156	274	-9	136
H501_25	25	70	96	73	156	274	204	140
H501_25	25	72	144	77	156	277	213	142
H501_25	25	80	96	73	156	280	204	140
H501_25	25	100	96	73	156	283	204	140
H501_25	25	108	96	73	156	274	204	140
H501_25	25	70	96	73	156	274	204	140
H502_25	25	70	96	69	156	274	207	130
H502_25	25	72	120	69	158	283	210	136
H502_25	25	80	144	69	156	274	216	142
H502_25	25	100	153	69	156	274	222	144
H502_25	25	106	156	69	156	274	207	146
H502_25	25	70	96	69	156	274	207	130
H503_25	25	70	96	69	156	280	-9	128
H503_25	25	72	123	73	158	298	-9	136
H503_25	25	80	135	69	156	304	-9	142
H503_25	25	106	144	69	156	280	-9	144
H503_25	25	70	96	69	156	280	-9	128
H503_25	25	70	96	69	156	280	-9	128
H504_25	25	72	96	69	156	265	180	134
H504_25	25	80	123	73	158	277	204	136
H504_25	25	98	135	77	156	283	207	140
H504_25	25	72	156	69	156	295	210	142
H504_25	25	72	96	69	156	265	180	134
H504_25	25	72	96	69	156	265	180	134
H505_25	25	70	96	69	156	262	192	136
H505_25	25	72	120	73	156	271	198	142
H505_25	25	70	144	69	156	277	192	144
H505_25	25	70	153	69	156	295	192	136
H505_25	25	70	156	69	156	301	192	136
H505_25	25	70	96	69	156	304	192	136
H506_25	25	58	96	69	156	268	192	136
H506_25	25	70	123	73	158	274	198	140
H506_25	25	72	138	69	156	295	201	142
H506_25	25	78	144	69	156	310	207	146
H506_25	25	80	153	69	156	268	192	136
H506_25	25	98	96	69	156	268	192	136
H507_25	25	60	96	69	156	-9	-9	-9
H507_25	25	70	123	73	158	-9	-9	-9
H507_25	25	80	153	69	156	-9	-9	-9
H507_25	25	82	96	69	156	-9	-9	-9
H507_25	25	84	96	69	156	-9	-9	-9
H507_25	25	60	96	69	156	-9	-9	-9
H508_25	25	70	123	69	156	274	201	140
H508_25	25	72	135	77	158	298	207	142
H508_25	25	78	138	69	156	274	210	146
H508_25	25	82	144	69	156	274	216	148
H508_25	25	70	153	69	156	274	222	140
H508_25	25	70	123	69	156	274	201	140
H509_25	25	70	123	69	156	283	180	140
H509_25	25	72	135	73	158	295	204	142
H509_25	25	78	138	69	156	310	207	140
H509_25	25	80	153	69	156	283	210	140
H509_25	25	82	156	69	156	283	222	140
H509_25	25	98	123	69	156	283	180	140
H510_25	25	58	87	69	156	274	204	136
H510_25	25	70	93	73	156	310	207	142
H510_25	25	72	96	69	156	274	210	144
H510_25	25	80	87	69	156	274	213	146
H510_25	25	58	87	69	156	274	222	136
H510_25	25	58	87	69	156	274	204	136
H511_25	25	70	87	69	156	268	204	130
H511_25	25	102	114	73	156	274	207	136
H511_25	25	70	129	69	156	268	204	142
H511_25	25	70	135	69	156	268	204	148
H511_25	25	70	138	69	156	268	204	130
H511_25	25	70	87	69	156	268	204	130
H512_25	25	70	96	69	156	274	201	136
H512_25	25	82	114	73	156	274	204	140
H512_25	25	102	120	69	156	274	213	142
H512_25	25	70	123	69	156	274	201	136
H512_25	25	70	96	69	156	274	201	136
H512_25	25	70	96	69	156	274	201	136
H513_25	25	70	96	69	156	265	-9	136
H513_25	25	72	99	73	156	274	-9	142
H513_25	25	106	147	69	156	298	-9	148
H513_25	25	70	96	69	156	310	-9	136
H513_25	25	70	96	69	156	265	-9	136
H513_25	25	70	96	69	156	265	-9	136
H514_25	25	58	96	69	156	271	195	140
H514_25	25	70	99	73	156	289	201	142
H514_25	25	106	114	77	156	271	204	146
H514_25	25	58	147	69	156	271	207	140
H514_25	25	58	150	69	156	271	195	140
H514_25	25	58	96	69	156	271	195	140
H515_25	25	70	87	69	156	274	180	130
H515_25	25	72	96	73	156	298	192	138
H515_25	25	88	114	69	156	274	198	140
H515_25	25	102	135	69	156	274	201	142
H515_25	25	110	87	69	156	274	207	130
H515_25	25	70	87	69	156	274	213	130
H516_25	25	60	96	69	156	268	192	130
H516_25	25	70	99	69	156	283	198	134
H516_25	25	72	114	69	156	295	201	142
H516_25	25	108	138	69	156	298	204	146
H516_25	25	110	96	69	156	301	192	130
H516_25	25	60	96	69	156	310	192	130
H517_25	25	58	96	69	156	268	192	140
H517_25	25	60	135	73	156	277	198	142
H517_25	25	70	138	69	156	295	201	144
H517_25	25	72	144	69	156	298	204	140
H517_25	25	102	156	69	156	301	207	140
H517_25	25	108	96	69	156	304	210	140
H518_26	26	60	93	69	156	265	198	142
H518_26	26	72	96	73	156	280	204	142
H518_26	26	78	99	89	156	322	198	142
H518_26	26	80	93	69	156	265	198	142
H518_26	26	90	93	69	156	265	198	142
H518_26	26	92	93	69	156	265	198	142
H519_26	26	60	93	69	156	268	198	140
H519_26	26	72	96	73	156	283	204	142
H519_26	26	84	144	89	156	304	207	146
H519_26	26	90	93	69	156	268	198	140
H519_26	26	92	93	69	156	268	198	140
H519_26	26	98	93	69	156	268	198	140
H520_26	26	60	90	69	156	268	180	140
H520_26	26	72	96	73	156	277	204	142
H520_26	26	80	90	89	156	280	207	146
H520_26	26	82	90	69	156	283	210	140
H520_26	26	90	90	69	156	295	213	140
H520_26	26	92	90	69	156	301	216	140
H521_26	26	72	90	69	156	253	189	138
H521_26	26	82	96	73	156	277	192	140
H521_26	26	90	135	89	156	280	195	142
H521_26	26	92	147	69	156	283	207	138
H521_26	26	100	90	69	156	286	210	138
H521_26	26	106	90	69	156	304	213	138
H522_26	26	60	96	69	156	256	204	136
H522_26	26	72	132	73	156	262	204	138
H522_26	26	78	96	89	156	268	204	140
H522_26	26	82	96	69	156	280	204	142
H522_26	26	90	96	69	156	283	204	144
H522_26	26	92	96	69	156	256	204	136
H523_26	26	58	93	69	156	280	195	132
H523_26	26	72	96	73	156	286	198	138
H523_26	26	78	135	89	156	289	201	140
H523_26	26	84	159	69	156	280	204	142
H523_26	26	90	93	69	156	280	210	148
H523_26	26	92	93	69	156	280	213	132
H524_26	26	58	96	69	156	271	198	134
H524_26	26	72	105	73	158	274	204	138
H524_26	26	78	111	89	156	280	207	140
H524_26	26	90	144	69	156	283	210	142
H524_26	26	92	96	69	156	271	213	144
H524_26	26	100	96	69	156	271	216	146
H525_26	26	52	96	69	156	265	192	134
H525_26	26	72	111	73	156	268	195	138
H525_26	26	90	135	89	156	277	198	142
H525_26	26	92	147	69	156	280	204	144
H525_26	26	98	150	69	156	295	192	134
H525_26	26	102	96	69	156	298	192	134
H526_26	26	52	96	69	156	262	195	136
H526_26	26	72	120	73	156	277	198	140
H526_26	26	82	144	89	156	280	201	142
H526_26	26	90	96	69	156	283	204	150
H526_26	26	92	96	69	156	292	207	152
H526_26	26	100	96	69	156	295	210	136
H527_26	26	52	93	69	148	256	192	134
H527_26	26	72	96	73	156	268	195	136
H527_26	26	90	108	89	148	277	198	140
H527_26	26	92	111	69	148	280	207	142
H527_26	26	98	144	69	148	295	192	146
H527_26	26	52	150	69	148	298	192	148
H528_26	26	58	96	69	156	280	195	142
H528_26	26	72	144	73	156	283	198	146
H528_26	26	88	96	89	156	280	201	150
H528_26	26	90	96	69	156	280	204	142
H528_26	26	92	96	69	156	280	195	142
H528_26	26	98	96	69	156	280	195	142
H529_26	26	72	96	69	156	253	189	136
H529_26	26	82	111	89	156	268	195	142
H529_26	26	90	120	69	156	271	201	144
H529_26	26	92	135	69	156	280	204	146
H529_26	26	102	96	69	156	298	210	136
H529_26	26	106	96	69	156	301	213	136
H530_26	26	58	96	69	156	265	192	140
H530_26	26	72	108	73	156	268	195	144
H530_26	26	78	138	89	156	271	198	146
H530_26	26	90	96	69	156	277	204	152
H530_26	26	92	96	69	156	283	210	140
H530_26	26	106	96	69	156	295	192	140
H531_26	26	72	96	69	156	256	195	140
H531_26	26	76	135	73	172	268	195	142
H531_26	26	78	96	89	156	271	195	144
H531_26	26	86	96	69	156	280	195	140
H531_26	26	90	96	69	156	283	195	140
H531_26	26	92	96	69	156	316	195	140
H532_26	26	60	120	73	156	250	198	138
H532_26	26	72	129	89	156	265	201	140
H532_26	26	90	138	73	156	277	210	142
H532_26	26	92	150	73	156	280	213	144
H532_26	26	98	120	73	156	304	219	138
H532_26	26	100	120	73	156	316	198	138
H533_26	26	70	96	69	156	274	189	138
H533_26	26	72	96	73	156	277	192	140
H533_26	26	78	96	89	156	289	198	142
H533_26	26	88	96	97	156	295	204	144
H533_26	26	90	96	69	156	304	207	138
H533_26	26	92	96	69	156	307	210	138
H534_26	26	56	96	69	156	268	192	140
H534_26	26	70	132	73	156	271	195	144
H534_26	26	90	96	89	156	277	198	146
H534_26	26	92	96	69	156	286	201	148
H534_26	26	100	96	69	156	289	204	140
H534_26	26	56	96	69	156	298	210	140
H535_26	26	60	96	69	148	265	198	136
H535_26	26	72	120	73	156	283	201	140
H535_26	26	78	132	89	148	286	204	142
H535_26	26	82	153	69	148	289	207	144
H535_26	26	90	156	69	148	295	210	136
H535_26	26	92	96	69	148	298	213	136
H536_26	26	60	96	73	156	256	195	136
H536_26	26	72	138	89	158	280	198	138
H536_26	26	86	96	97	156	283	201	140
H536_26	26	90	96	73	156	289	204	142
H536_26	26	92	96	73	156	298	207	144
H536_26	26	96	96	73	156	301	210	136
H537_26	26	56	111	69	156	283	207	136
H537_26	26	70	120	73	156	286	207	140
H537_26	26	84	126	89	156	289	207	144
H537_26	26	90	132	69	156	307	207	148
H537_26	26	92	144	69	156	283	207	136
H537_26	26	100	111	69	156	283	207	136
H538_26	26	72	96	69	156	265	204	140
H538_26	26	78	153	89	156	277	210	144
H538_26	26	82	159	69	156	283	204	146
H538_26	26	90	96	69	156	295	204	148
H538_26	26	92	96	69	156	298	204	140
H538_26	26	102	96	69	156	265	204	140
H539_26	26	72	96	69	156	274	186	136
H539_26	26	82	120	73	156	277	189	138
H539_26	26	90	144	89	156	283	195	144
H539_26	26	92	96	69	156	286	198	146
H539_26	26	102	96	69	156	289	204	136
H539_26	26	72	96	69	156	295	210	136
H540_26	26	58	96	69	156	253	195	142
H540_26	26	72	105	73	156	259	198	144
H540_26	26	90	96	89	156	262	213	146
H540_26	26	92	96	69	156	265	222	142
H540_26	26	58	96	69	156	283	195	142
H540_26	26	58	96	69	156	304	195	142
H541_26	26	70	96	69	156	256	189	142
H541_26	26	78	123	89	158	268	192	144
H541_26	26	82	138	69	156	277	195	146
H541_26	26	90	96	69	156	286	201	148
H541_26	26	92	96	69	156	289	210	142
H541_26	26	98	96	69	156	256	189	142
H542_26	26	58	96	69	156	256	198	138
H542_26	26	70	129	73	158	265	201	140
H542_26	26	72	141	89	156	277	204	142
H542_26	26	82	144	69	156	283	207	138
H542_26	26	90	150	69	156	256	210	138
H542_26	26	92	96	69	156	256	213	138
H543_26	26	70	96	69	148	256	195	140
H543_26	26	78	120	73	156	265	198	142
H543_26	26	82	132	89	158	277	204	144
H543_26	26	90	96	69	148	283	207	146
H543_26	26	92	96	69	148	256	210	140
H543_26	26	98	96	69	148	256	213	140
H544_26	26	58	96	69	156	256	201	136
H544_26	26	70	111	73	176	268	204	140
H544_26	26	78	120	89	156	289	201	142
H544_26	26	90	138	69	156	298	201	146
H544_26	26	92	162	69	156	256	201	136
H544_26	26	58	96	69	156	256	201	136
H545_26	26	58	93	69	148	283	189	130
H545_26	26	72	96	73	156	307	210	136
H545_26	26	78	132	89	148	283	189	144
H545_26	26	90	93	69	148	283	189	146
H545_26	26	92	93	69	148	283	189	150
H545_26	26	96	93	69	148	283	189	130
H546_26	26	68	96	69	148	256	186	138
H546_26	26	72	120	73	156	277	195	140
H546_26	26	90	141	89	158	280	198	142
H546_26	26	92	96	69	148	283	201	138
H546_26	26	98	96	69	148	298	204	138
H546_26	26	102	96	69	148	301	213	138
H547_26	26	58	90	65	148	259	201	140
H547_26	26	66	96	69	156	265	201	142
H547_26	26	72	114	73	158	259	201	144
H547_26	26	88	132	89	148	259	201	150
H547_26	26	90	144	97	148	259	201	140
H547_26	26	94	90	65	148	259	201	140
H548_27	27	70	93	69	156	283	198	138
H548_27	27	70	96	73	156	286	201	142
H548_27	27	70	105	69	156	301	210	146
H548_27	27	70	93	69	156	283	198	148
H548_27	27	70	93	69	156	283	198	138
H548_27	27	70	93	69	156	283	198	138
H549_27	27	70	96	73	156	274	189	140
H549_27	27	72	96	141	156	277	195	142
H549_27	27	78	96	73	156	283	198	146
H549_27	27	70	96	73	156	289	201	140
H549_27	27	70	96	73	156	298	204	140
H549_27	27	70	96	73	156	310	207	140
H550_27	27	70	96	69	156	256	210	156
H550_27	27	70	99	73	156	289	213	158
H550_27	27	70	138	69	156	310	216	160
H550_27	27	70	147	69	156	256	219	162
H550_27	27	70	96	69	156	256	210	164
H550_27	27	70	96	69	156	256	210	156
H551_27	27	58	120	69	156	262	195	140
H551_27	27	70	135	73	158	283	198	142
H551_27	27	72	147	165	156	289	201	144
H551_27	27	104	120	69	156	310	204	140
H551_27	27	106	120	69	156	262	207	140
H551_27	27	58	120	69	156	262	195	140
H552_27	27	56	96	69	156	-9	-9	-9
H552_27	27	70	99	73	156	-9	-9	-9
H552_27	27	78	105	77	156	-9	-9	-9
H552_27	27	86	96	69	156	-9	-9	-9
H552_27	27	100	96	69	156	-9	-9	-9
H552_27	27	108	96	69	156	-9	-9	-9
H553_27	27	58	96	69	156	262	201	138
H553_27	27	72	120	73	156	283	204	140
H553_27	27	100	135	77	156	286	201	138
H553_27	27	104	147	165	156	304	201	138
H553_27	27	58	162	69	156	307	201	138
H553_27	27	58	96	69	156	262	201	138
H554_27	27	70	96	69	156	262	198	140
H554_27	27	72	111	73	156	277	201	142
H554_27	27	106	144	77	156	280	204	146
H554_27	27	110	96	69	156	292	207	140
H554_27	27	70	96	69	156	295	210	140
H554_27	27	70	96	69	156	262	213	140
H555_27	27	56	96	69	156	271	192	136
H555_27	27	58	99	73	156	283	201	140
H555_27	27	72	132	69	156	286	204	142
H555_27	27	82	147	69	156	271	207	144
H555_27	27	90	96	69	156	271	210	136
H555_27	27	56	96	69	156	271	213	136
H556_27	27	58	96	69	156	262	201	130
H556_27	27	70	147	73	158	283	204	136
H556_27	27	58	150	77	156	292	207	138
H556_27	27	58	96	69	156	310	213	140
H556_27	27	58	96	69	156	262	201	142
H556_27	27	58	96	69	156	262	201	146
H557_27	27	70	96	69	156	271	198	132
H557_27	27	72	120	73	156	283	201	136
H557_27	27	70	141	141	156	289	198	140
H557_27	27	70	162	69	156	271	198	144
H557_27	27	70	96	69	156	271	198	146
H557_27	27	70	96	69	156	271	198	132
H558_27	27	58	120	69	156	283	195	140
H558_27	27	70	135	73	156	289	198	142
H558_27	27	72	162	165	156	298	195	144
H558_27	27	58	120	69	156	283	195	146
H558_27	27	58	120	69	156	283	195	140
H558_27	27	58	120	69	156	283	195	140
H559_27	27	58	96	69	156	271	-9	-9
H559_27	27	70	135	73	158	286	-9	-9
H559_27	27	72	138	141	156	289	-9	-9
H559_27	27	88	96	165	156	271	-9	-9
H559_27	27	100	96	69	156	271	-9	-9
H559_27	27	58	96	69	156	271	-9	-9
H560_27	27	58	105	69	156	268	201	136
H560_27	27	70	120	73	156	280	207	140
H560_27	27	72	135	77	156	283	213	142
H560_27	27	100	147	165	156	289	201	154
H560_27	27	104	105	69	156	298	201	136
H560_27	27	106	105	69	156	268	201	136
H561_27	27	58	135	69	156	262	204	140
H561_27	27	70	138	73	158	283	204	142
H561_27	27	72	162	165	156	289	204	144
H561_27	27	90	135	69	156	298	204	146
H561_27	27	104	135	69	156	301	204	140
H561_27	27	106	135	69	156	307	204	140
H562_27	27	70	96	69	156	262	192	136
H562_27	27	72	132	77	156	271	195	138
H562_27	27	84	150	141	156	280	198	140
H562_27	27	104	153	69	156	262	207	142
H562_27	27	70	96	69	156	262	192	144
H562_27	27	70	96	69	156	262	192	136
H563_27	27	70	96	69	156	262	192	136
H563_27	27	72	132	73	158	271	195	142
H563_27	27	106	96	77	156	280	198	144
H563_27	27	70	96	141	156	262	201	146
H563_27	27	70	96	69	156	262	207	136
H563_27	27	70	96	69	156	262	192	136
H564_27	27	70	96	69	156	262	201	138
H564_27	27	70	138	73	156	286	204	140
H564_27	27	70	153	77	156	262	207	142
H564_27	27	70	96	69	156	262	213	144
H564_27	27	70	96	69	156	262	201	138
H564_27	27	70	96	69	156	262	201	138
H565_27	27	70	96	69	156	256	201	138
H565_27	27	72	111	73	156	274	204	140
H565_27	27	80	144	69	156	277	207	142
H565_27	27	88	96	69	156	283	210	144
H565_27	27	100	96	69	156	292	213	146
H565_27	27	70	96	69	156	256	201	138
H566_27	27	70	96	69	156	283	198	132
H566_27	27	72	132	73	158	283	201	142
H566_27	27	80	147	69	156	283	210	144
H566_27	27	70	96	69	156	283	198	132
H566_27	27	70	96	69	156	283	198	132
H566_27	27	70	96	69	156	283	198	132
H567_27	27	70	96	69	156	289	192	136
H567_27	27	72	108	73	158	289	201	140
H567_27	27	100	135	141	156	289	219	142
H567_27	27	104	162	69	156	289	192	146
H567_27	27	70	96	69	156	289	192	136
H567_27	27	70	96	69	156	289	192	136
H568_27	27	56	93	73	156	262	201	140
H568_27	27	70	99	77	156	286	204	142
H568_27	27	78	114	73	156	295	210	144
H568_27	27	108	129	73	156	304	201	146
H568_27	27	56	93	73	156	262	201	148
H568_27	27	56	93	73	156	262	201	140
H569_27	27	56	93	69	156	262	192	138
H569_27	27	70	96	73	158	277	198	142
H569_27	27	72	153	77	156	283	201	138
H569_27	27	80	93	69	156	304	204	138
H569_27	27	84	93	69	156	310	207	138
H569_27	27	104	93	69	156	262	210	138
H570_27	27	72	96	73	156	262	201	134
H570_27	27	80	99	77	156	271	201	138
H570_27	27	104	144	73	156	289	201	140
H570_27	27	108	96	73	156	310	201	142
H570_27	27	72	96	73	156	313	201	144
H570_27	27	72	96	73	156	262	201	134
H571_27	27	58	96	69	154	262	195	138
H571_27	27	70	120	73	156	283	198	140
H571_27	27	72	147	165	154	286	201	142
H571_27	27	78	165	69	154	289	195	144
H571_27	27	100	96	69	154	262	195	138
H571_27	27	106	96	69	154	262	195	138
H572_27	27	70	96	69	156	295	192	132
H572_27	27	72	111	73	156	298	195	134
H572_27	27	100	135	77	156	295	198	140
H572_27	27	106	144	69	156	295	201	142
H572_27	27	70	96	69	156	295	207	132
H572_27	27	70	96	69	156	295	192	132
H573_27	27	58	96	73	154	265	201	138
H573_27	27	70	117	77	156	274	201	140
H573_27	27	90	132	141	154	283	201	142
H573_27	27	102	147	164	154	298	201	138
H573_27	27	108	96	73	154	265	201	138
H573_27	27	58	96	73	154	265	201	138
H574_28	28	56	90	69	146	295	201	138
H574_28	28	68	96	73	148	298	207	142
H574_28	28	72	111	89	154	295	210	148
H574_28	28	90	114	69	156	295	213	150
H574_28	28	92	90	69	146	295	216	138
H574_28	28	102	90	69	146	295	201	138
H575_28	28	74	96	65	146	286	201	130
H575_28	28	80	114	69	148	301	204	140
H575_28	28	74	96	73	154	304	201	142
H575_28	28	74	96	89	156	286	201	150
H575_28	28	74	96	65	146	286	201	130
H575_28	28	74	96	65	146	286	201	130
H576_28	28	56	96	69	148	298	201	138
H576_28	28	66	99	73	156	301	207	140
H576_28	28	72	96	89	158	304	210	142
H576_28	28	86	96	69	148	298	213	144
H576_28	28	90	96	69	148	298	216	146
H576_28	28	92	96	69	148	298	201	138
H577_28	28	58	96	69	148	286	192	136
H577_28	28	72	114	73	150	298	201	142
H577_28	28	86	135	89	156	301	204	136
H577_28	28	90	150	69	158	286	207	136
H577_28	28	92	96	69	148	286	210	136
H577_28	28	102	96	69	148	286	216	136
H578_28	28	58	96	69	154	295	198	136
H578_28	28	70	162	73	156	298	201	138
H578_28	28	90	96	89	158	301	204	142
H578_28	28	92	96	69	154	295	207	144
H578_28	28	102	96	69	154	295	210	148
H578_28	28	108	96	69	154	295	213	136
H579_28	28	56	96	69	148	298	201	136
H579_28	28	58	111	73	156	301	207	142
H579_28	28	70	141	89	158	304	210	144
H579_28	28	78	153	69	148	298	213	148
H579_28	28	90	162	69	148	298	216	136
H579_28	28	92	96	69	148	298	201	136
H580_28	28	58	96	69	148	298	201	130
H580_28	28	72	111	73	156	301	204	136
H580_28	28	80	141	89	158	304	207	144
H580_28	28	90	162	69	176	298	201	146
H580_28	28	92	96	69	148	298	201	130
H580_28	28	96	96	69	148	298	201	130
H581_28	28	58	90	69	148	286	198	136
H581_28	28	68	96	73	156	295	201	144
H581_28	28	72	138	89	148	298	204	146
H581_28	28	82	141	97	148	301	207	136
H581_28	28	90	156	69	148	304	210	136
H581_28	28	92	90	69	148	286	198	136
H582_28	28	58	90	69	148	295	201	130
H582_28	28	68	96	73	150	298	204	136
H582_28	28	72	141	89	156	295	207	142
H582_28	28	78	147	97	158	295	210	144
H582_28	28	90	90	69	148	295	213	146
H582_28	28	92	90	69	148	295	216	130
H583_28	28	90	90	89	148	274	207	130
H583_28	28	92	99	89	150	286	210	136
H583_28	28	90	90	89	156	298	207	138
H583_28	28	90	90	89	158	274	207	142
H583_28	28	90	90	89	148	274	207	146
H583_28	28	90	90	89	148	274	207	150
H584_28	28	58	90	69	148	283	192	130
H584_28	28	70	96	73	150	286	201	138
H584_28	28	78	144	89	156	295	207	140
H584_28	28	90	153	69	158	283	210	142
H584_28	28	92	90	69	148	283	216	148
H584_28	28	98	90	69	148	283	192	130
H585_28	28	58	90	69	148	298	192	138
H585_28	28	68	96	73	156	307	201	142
H585_28	28	72	153	89	148	298	192	144
H585_28	28	78	159	69	148	298	192	138
H585_28	28	90	162	69	148	298	192	138
H585_28	28	92	90	69	148	298	192	138
H586_28	28	56	96	69	154	286	198	130
H586_28	28	70	114	73	156	298	201	140
H586_28	28	90	147	89	154	304	204	142
H586_28	28	92	162	69	154	286	207	150
H586_28	28	96	96	69	154	286	210	130
H586_28	28	98	96	69	154	286	213	130
H587_28	28	58	96	69	148	283	198	140
H587_28	28	72	111	73	156	298	207	142
H587_28	28	78	141	89	148	283	210	144
H587_28	28	90	144	69	148	283	198	148
H587_28	28	92	156	69	148	283	198	140
H587_28	28	102	96	69	148	283	198	140
H588_28	28	68	96	69	148	286	192	138
H588_28	28	72	129	89	156	298	198	144
H588_28	28	82	138	69	158	286	201	146
H588_28	28	90	96	69	148	286	204	138
H588_28	28	92	96	69	148	286	192	138
H588_28	28	104	96	69	148	286	192	138
H589_28	28	56	96	69	148	262	198	130
H589_28	28	58	114	89	156	262	201	140
H589_28	28	72	147	69	158	262	204	142
H589_28	28	90	162	69	148	262	210	144
H589_28	28	92	96	69	148	262	198	130
H589_28	28	100	96	69	148	262	198	130
H590_28	28	58	96	69	148	277	192	130
H590_28	28	72	141	73	156	286	198	142
H590_28	28	78	96	89	148	292	201	130
H590_28	28	80	96	97	148	277	207	130
H590_28	28	90	96	69	148	277	210	130
H590_28	28	92	96	69	148	277	216	130
H591_28	28	58	96	69	148	286	201	138
H591_28	28	70	129	73	150	289	204	140
H591_28	28	82	147	89	156	292	207	142
H591_28	28	90	159	69	158	286	210	138
H591_28	28	92	96	69	148	286	216	138
H591_28	28	102	96	69	148	286	201	138
H592_28	28	58	96	69	148	292	204	130
H592_28	28	70	147	73	156	295	207	140
H592_28	28	80	153	89	148	316	213	142
H592_28	28	90	96	69	148	292	204	144
H592_28	28	92	96	69	148	292	204	130
H592_28	28	102	96	69	148	292	204	130
H593_28	28	70	96	73	148	283	210	138
H593_28	28	78	96	89	150	286	210	140
H593_28	28	90	96	73	156	307	210	142
H593_28	28	92	96	73	158	283	210	138
H593_28	28	96	96	73	148	283	210	138
H593_28	28	106	96	73	148	283	210	138
H594_28	28	58	96	69	156	280	198	130
H594_28	28	70	144	73	158	307	201	138
H594_28	28	78	96	89	156	280	204	140
H594_28	28	90	96	69	156	280	207	142
H594_28	28	92	96	69	156	280	210	146
H594_28	28	102	96	69	156	280	216	130
H595_29	29	82	96	73	156	271	180	142
H595_29	29	92	117	77	156	283	198	144
H595_29	29	82	144	145	156	286	201	146
H595_29	29	82	150	73	156	304	204	142
H595_29	29	82	159	73	156	271	210	142
H595_29	29	82	96	73	156	271	213	142
H596_29	29	70	96	73	156	262	198	140
H596_29	29	80	99	73	156	265	201	142
H596_29	29	82	132	73	156	271	213	148
H596_29	29	70	96	73	156	262	198	140
H596_29	29	70	96	73	156	262	198	140
H596_29	29	70	96	73	156	262	198	140
H597_29	29	70	96	69	156	271	201	140
H597_29	29	82	96	73	156	277	204	142
H597_29	29	70	96	69	156	283	207	144
H597_29	29	70	96	69	156	271	213	146
H597_29	29	70	96	69	156	271	201	148
H597_29	29	70	96	69	156	271	201	140
H598_29	29	70	93	69	156	256	204	136
H598_29	29	82	117	73	158	262	210	138
H598_29	29	92	138	141	156	277	213	140
H598_29	29	70	144	145	156	286	219	142
H598_29	29	70	147	69	156	295	204	136
H598_29	29	70	93	69	156	316	204	136
H599_29	29	78	96	69	156	286	198	136
H599_29	29	82	111	145	156	292	201	140
H599_29	29	90	147	69	156	304	204	142
H599_29	29	78	150	69	156	286	198	144
H599_29	29	78	96	69	156	286	198	136
H599_29	29	78	96	69	156	286	198	136
H600_29	29	70	96	73	158	286	189	136
H600_29	29	72	117	77	158	295	192	142
H600_29	29	94	96	73	158	310	195	146
H600_29	29	70	96	73	158	286	198	148
H600_29	29	70	96	73	158	286	189	136
H600_29	29	70	96	73	158	286	189	136
H601_29	29	70	96	69	156	256	204	136
H601_29	29	92	117	73	158	271	207	140
H601_29	29	98	120	69	156	295	204	142
H601_29	29	70	129	69	156	298	204	146
H601_29	29	70	96	69	156	256	204	136
H601_29	29	70	96	69	156	256	204	136
H602_29	29	82	96	73	158	286	201	136
H602_29	29	94	117	73	158	295	204	142
H602_29	29	100	96	73	158	298	213	148
H602_29	29	82	96	73	158	286	201	136
H602_29	29	82	96	73	158	286	201	136
H602_29	29	82	96	73	158	286	201	136
H603_29	29	86	96	69	156	265	189	138
H603_29	29	86	117	145	156	295	195	140
H603_29	29	86	150	69	156	298	189	142
H603_29	29	86	96	69	156	307	189	138
H603_29	29	86	96	69	156	265	189	138
H603_29	29	86	96	69	156	265	189	138
H604_29	29	68	96	69	156	286	201	136
H604_29	29	70	117	77	156	295	207	140
H604_29	29	82	153	69	156	286	210	142
H604_29	29	68	96	69	156	286	201	146
H604_29	29	68	96	69	156	286	201	136
H604_29	29	68	96	69	156	286	201	136
H605_29	29	70	96	73	156	277	189	138
H605_29	29	72	153	73	158	283	192	140
H605_29	29	90	96	73	156	286	189	142
H605_29	29	100	96	73	156	298	189	148
H605_29	29	70	96	73	156	307	189	152
H605_29	29	70	96	73	156	313	189	138
H606_29	29	72	96	73	156	286	201	138
H606_29	29	82	117	73	158	295	204	140
H606_29	29	72	150	73	156	298	207	142
H606_29	29	72	96	73	156	304	213	148
H606_29	29	72	96	73	156	286	201	138
H606_29	29	72	96	73	156	286	201	138
H607_29	29	70	96	73	156	277	201	136
H607_29	29	94	129	73	158	286	201	142
H607_29	29	98	96	73	156	298	201	146
H607_29	29	70	96	73	156	304	201	136
H607_29	29	70	96	73	156	277	201	136
H607_29	29	70	96	73	156	277	201	136
H608_29	29	70	96	69	156	271	195	138
H608_29	29	82	144	73	156	274	198	142
H608_29	29	98	150	141	156	277	216	144
H608_29	29	70	96	145	156	283	195	146
H608_29	29	70	96	69	156	289	195	138
H608_29	29	70	96	69	156	292	195	138
H609_29	29	70	96	73	156	256	201	142
H609_29	29	82	129	73	158	262	207	144
H609_29	29	70	96	73	156	286	213	148
H609_29	29	70	96	73	156	292	216	142
H609_29	29	70	96	73	156	295	219	142
H609_29	29	70	96	73	156	256	201	142
H610_29	29	70	96	73	156	271	198	136
H610_29	29	82	117	73	156	292	201	140
H610_29	29	94	120	73	156	304	204	142
H610_29	29	104	147	73	156	271	213	144
H610_29	29	70	150	73	156	271	219	136
H610_29	29	70	96	73	156	271	198	136
H611_29	29	70	93	69	156	256	201	138
H611_29	29	72	96	73	158	262	204	140
H611_29	29	88	117	77	156	277	207	142
H611_29	29	70	147	69	156	283	213	144
H611_29	29	70	93	69	156	286	219	138
H611_29	29	70	93	69	156	256	201	138
H612_29	29	70	96	73	156	262	204	136
H612_29	29	86	117	141	158	295	204	140
H612_29	29	88	120	73	156	298	204	142
H612_29	29	70	129	73	156	262	204	144
H612_29	29	70	96	73	156	262	204	146
H612_29	29	70	96	73	156	262	204	136
H613_29	29	72	96	73	156	262	204	136
H613_29	29	82	111	77	158	277	213	142
H613_29	29	72	117	141	156	283	219	144
H613_29	29	72	150	73	156	286	204	148
H613_29	29	72	96	73	156	262	204	136
H613_29	29	72	96	73	156	262	204	136
H614_29	29	56	96	73	156	262	195	130
H614_29	29	58	144	73	156	274	213	136
H614_29	29	72	96	73	156	295	195	138
H614_29	29	74	96	73	156	310	195	142
H614_29	29	102	96	73	156	313	195	146
H614_29	29	104	96	73	156	262	195	130
H615_29	29	-9	-9	-9	-9	262	189	140
H615_29	29	-9	-9	-9	-9	283	195	142
H615_29	29	-9	-9	-9	-9	298	201	146
H615_29	29	-9	-9	-9	-9	262	204	140
H615_29	29	-9	-9	-9	-9	262	207	140
H615_29	29	-9	-9	-9	-9	262	210	140
H616_29	29	70	102	93	148	271	204	130
H616_29	29	78	117	105	156	277	213	136
H616_29	29	82	156	93	158	286	204	142
H616_29	29	70	102	93	148	271	204	130
H616_29	29	70	102	93	148	271	204	130
H616_29	29	70	102	93	148	271	204	130
H617_29	29	-9	-9	-9	-9	271	204	130
H617_29	29	-9	-9	-9	-9	271	210	132
H617_29	29	-9	-9	-9	-9	271	213	140
H617_29	29	-9	-9	-9	-9	271	204	142
H617_29	29	-9	-9	-9	-9	271	204	148
H617_29	29	-9	-9	-9	-9	271	204	130
H618_29	29	72	96	93	148	262	180	138
H618_29	29	84	102	93	156	286	195	142
H618_29	29	102	120	93	148	295	204	144
H618_29	29	104	96	93	148	298	207	148
H618_29	29	72	96	93	148	262	210	138
H618_29	29	72	96	93	148	262	216	138
H619_29	29	58	96	73	156	256	192	136
H619_29	29	70	111	93	156	262	198	142
H619_29	29	72	117	141	156	271	201	144
H619_29	29	82	132	145	156	277	204	148
H619_29	29	98	96	73	156	256	213	136
H619_29	29	58	96	73	156	256	216	136
H620_29	29	72	96	69	148	292	195	132
H620_29	29	82	99	73	156	304	198	134
H620_29	29	94	111	77	158	292	201	140
H620_29	29	102	117	141	148	292	213	142
H620_29	29	72	132	69	148	292	216	132
H620_29	29	72	96	69	148	292	219	132
H621_29	29	58	96	73	156	274	201	134
H621_29	29	70	138	89	156	304	204	138
H621_29	29	94	144	141	156	274	207	140
H621_29	29	100	150	145	156	274	210	142
H621_29	29	104	96	73	156	274	201	146
H621_29	29	58	96	73	156	274	201	134
H622_29	29	60	96	69	156	286	195	132
H622_29	29	72	117	73	158	295	204	134
H622_29	29	82	96	77	156	286	195	140
H622_29	29	92	96	89	156	286	195	142
H622_29	29	102	96	69	156	286	195	148
H622_29	29	104	96	69	156	286	195	132
H623_29	29	-9	-9	-9	-9	262	180	140
H623_29	29	-9	-9	-9	-9	277	198	142
H623_29	29	-9	-9	-9	-9	286	204	148
H623_29	29	-9	-9	-9	-9	295	207	140
H623_29	29	-9	-9	-9	-9	262	213	140
H623_29	29	-9	-9	-9	-9	262	180	140
H624_29	29	66	99	77	148	-9	-9	-9
H624_29	29	76	117	93	156	-9	-9	-9
H624_29	29	98	120	77	158	-9	-9	-9
H624_29	29	100	147	77	148	-9	-9	-9
H624_29	29	102	150	77	148	-9	-9	-9
H624_29	29	104	156	77	148	-9	-9	-9
H625_30	30	72	96	69	154	283	180	136
H625_30	30	82	153	73	156	295	192	140
H625_30	30	88	156	77	154	298	201	142
H625_30	30	72	96	69	154	283	204	136
H625_30	30	72	96	69	154	283	207	136
H625_30	30	72	96	69	154	283	210	136
H626_30	30	-9	-9	-9	-9	283	180	136
H626_30	30	-9	-9	-9	-9	295	204	136
H626_30	30	-9	-9	-9	-9	298	207	136
H626_30	30	-9	-9	-9	-9	283	216	136
H626_30	30	-9	-9	-9	-9	283	180	136
H626_30	30	-9	-9	-9	-9	283	180	136
H627_30	30	76	99	73	148	-9	180	136
H627_30	30	84	114	77	156	-9	192	142
H627_30	30	88	117	81	148	-9	198	144
H627_30	30	76	153	73	148	-9	201	136
H627_30	30	76	156	73	148	-9	204	136
H627_30	30	76	174	73	148	-9	207	136
H628_30	30	78	96	69	156	280	180	136
H628_30	30	84	129	73	156	283	198	140
H628_30	30	78	156	129	156	295	201	136
H628_30	30	78	159	141	156	298	204	136
H628_30	30	78	162	145	156	280	207	136
H628_30	30	78	96	161	156	280	210	136
H629_30	30	70	96	69	156	280	180	136
H629_30	30	86	117	141	156	283	192	140
H629_30	30	70	123	69	156	280	195	142
H629_30	30	70	156	69	156	280	198	136
H629_30	30	70	162	69	156	280	207	136
H629_30	30	70	96	69	156	280	180	136
H630_30	30	72	96	69	156	283	192	136
H630_30	30	78	156	73	156	295	195	140
H630_30	30	72	96	145	156	298	198	142
H630_30	30	72	96	69	156	283	204	136
H630_30	30	72	96	69	156	283	192	136
H630_30	30	72	96	69	156	283	192	136
H631_30	30	72	123	69	156	265	180	140
H631_30	30	78	156	73	156	283	192	140
H631_30	30	72	174	145	156	265	201	140
H631_30	30	72	123	69	156	265	204	140
H631_30	30	72	123	69	156	265	507	140
H631_30	30	72	123	69	156	265	210	140
H632_30	30	70	96	69	156	265	180	136
H632_30	30	72	120	73	156	283	198	140
H632_30	30	86	123	141	156	295	201	142
H632_30	30	90	156	69	156	298	204	154
H632_30	30	70	159	69	156	310	210	136
H632_30	30	70	162	69	156	265	180	136
H633_30	30	72	96	69	154	271	180	136
H633_30	30	78	123	73	156	286	192	138
H633_30	30	104	174	77	154	289	204	142
H633_30	30	72	96	69	154	304	207	154
H633_30	30	72	96	69	154	271	210	136
H633_30	30	72	96	69	154	271	213	136
H634_30	30	72	96	73	154	280	180	136
H634_30	30	82	156	141	156	283	201	140
H634_30	30	72	96	145	154	292	204	142
H634_30	30	72	96	73	154	295	210	154
H634_30	30	72	96	73	154	298	180	136
H634_30	30	72	96	73	154	280	180	136
H635_30	30	70	96	73	156	277	180	136
H635_30	30	72	96	97	156	280	192	142
H635_30	30	88	96	141	156	283	204	154
H635_30	30	70	96	145	156	286	207	136
H635_30	30	70	96	73	156	313	210	136
H635_30	30	70	96	73	156	277	180	136
H636_30	30	70	96	69	156	277	180	136
H636_30	30	72	123	73	156	286	192	140
H636_30	30	78	162	77	156	289	201	136
H636_30	30	86	174	93	156	313	204	136
H636_30	30	104	96	145	156	325	207	136
H636_30	30	70	96	69	156	277	210	136
H637_30	30	70	96	69	156	280	198	136
H637_30	30	72	117	77	156	286	204	138
H637_30	30	70	156	93	156	313	213	140
H637_30	30	70	96	145	156	280	216	136
H637_30	30	70	96	69	156	280	198	136
H637_30	30	70	96	69	156	280	198	136
H638_30	30	70	96	69	156	277	198	136
H638_30	30	78	120	73	156	283	201	138
H638_30	30	70	153	69	156	304	204	140
H638_30	30	70	156	69	156	277	198	142
H638_30	30	70	96	69	156	277	198	136
H638_30	30	70	96	69	156	277	198	136
H639_30	30	78	96	69	156	280	180	136
H639_30	30	78	117	73	156	283	201	138
H639_30	30	78	153	77	156	289	204	142
H639_30	30	78	174	93	156	298	207	136
H639_30	30	78	96	69	156	304	210	136
H639_30	30	78	96	69	156	280	180	136
H640_30	30	72	93	69	156	283	192	136
H640_30	30	104	96	73	156	289	195	140
H640_30	30	72	153	77	156	295	198	142
H640_30	30	72	156	93	156	298	201	136
H640_30	30	72	93	69	156	304	204	136
H640_30	30	72	93	69	156	283	192	136
H641_30	30	70	96	69	156	274	180	136
H641_30	30	88	117	73	156	277	192	140
H641_30	30	104	147	77	156	295	195	136
H641_30	30	70	156	93	156	298	198	136
H641_30	30	70	162	69	156	304	201	136
H641_30	30	70	96	69	156	274	207	136
H642_30	30	-9	96	69	156	280	198	136
H642_30	30	-9	120	73	156	304	201	140
H642_30	30	-9	162	93	156	307	204	142
H642_30	30	-9	96	141	156	280	207	146
H642_30	30	-9	96	69	156	280	198	148
H642_30	30	-9	96	69	156	280	198	136
H643_30	30	72	117	69	156	265	180	136
H643_30	30	72	123	73	156	292	192	140
H643_30	30	72	156	77	156	295	204	136
H643_30	30	72	117	93	156	298	207	136
H643_30	30	72	117	69	156	307	180	136
H643_30	30	72	117	69	156	265	180	136
H644_30	30	70	153	69	156	277	198	136
H644_30	30	72	156	93	156	280	198	140
H644_30	30	78	153	69	156	283	198	142
H644_30	30	88	153	69	156	292	198	152
H644_30	30	104	153	69	156	295	198	136
H644_30	30	70	153	69	156	298	198	136
H645_30	30	70	96	73	156	283	180	136
H645_30	30	72	117	77	156	292	192	140
H645_30	30	82	123	73	156	295	195	142
H645_30	30	90	156	73	156	298	198	136
H645_30	30	70	159	73	156	283	207	136
H645_30	30	70	96	73	156	283	180	136
H646_30	30	72	96	73	156	-9	-9	-9
H646_30	30	78	117	93	156	-9	-9	-9
H646_30	30	72	144	145	156	-9	-9	-9
H646_30	30	72	153	73	156	-9	-9	-9
H646_30	30	72	96	73	156	-9	-9	-9
H646_30	30	72	96	73	156	-9	-9	-9
H647_30	30	76	96	69	156	280	180	136
H647_30	30	78	162	73	156	283	192	140
H647_30	30	76	96	77	156	298	207	142
H647_30	30	76	96	145	156	304	213	136
H647_30	30	76	96	69	156	280	219	136
H647_30	30	76	96	69	156	280	180	136
H648_30	30	70	96	69	156	262	201	136
H648_30	30	78	120	73	156	277	201	138
H648_30	30	88	162	93	156	295	201	140
H648_30	30	70	96	69	156	298	201	142
H648_30	30	70	96	69	156	262	201	136
H648_30	30	70	96	69	156	262	201	136
H649_31	31	76	96	73	156	259	189	132
H649_31	31	76	123	77	156	280	192	136
H649_31	31	76	144	141	156	259	195	138
H649_31	31	76	150	73	156	259	213	140
H649_31	31	76	96	73	156	259	189	142
H649_31	31	76	96	73	156	259	189	132
H650_31	31	76	93	69	156	259	195	140
H650_31	31	76	96	77	156	280	201	142
H650_31	31	76	132	69	156	259	204	140
H650_31	31	76	93	69	156	259	207	140
H650_31	31	76	93	69	156	259	210	140
H650_31	31	76	93	69	156	259	213	140
H651_31	31	78	96	73	156	-9	189	136
H651_31	31	78	96	73	156	-9	192	140
H651_31	31	78	96	73	156	-9	198	142
H651_31	31	78	96	73	156	-9	213	136
H651_31	31	78	96	73	156	-9	189	136
H651_31	31	78	96	73	156	-9	189	136
H652_31	31	70	96	69	156	262	195	140
H652_31	31	78	147	73	156	280	213	142
H652_31	31	70	96	69	156	283	195	140
H652_31	31	70	96	69	156	262	195	140
H652_31	31	70	96	69	156	262	195	140
H652_31	31	70	96	69	156	262	195	140
H653_31	31	70	96	69	156	-9	-9	-9
H653_31	31	76	105	73	156	-9	-9	-9
H653_31	31	70	117	141	156	-9	-9	-9
H653_31	31	70	144	69	156	-9	-9	-9
H653_31	31	70	96	69	156	-9	-9	-9
H653_31	31	70	96	69	156	-9	-9	-9
H654_31	31	70	96	69	156	-9	189	136
H654_31	31	76	117	73	156	-9	192	142
H654_31	31	78	123	69	156	-9	195	146
H654_31	31	70	147	69	156	-9	198	148
H654_31	31	70	96	69	156	-9	213	136
H654_31	31	70	96	69	156	-9	189	136
H655_31	31	72	90	69	156	286	189	136
H655_31	31	78	96	73	156	295	192	140
H655_31	31	72	123	77	156	307	195	142
H655_31	31	72	90	69	156	310	198	148
H655_31	31	72	90	69	156	313	213	136
H655_31	31	72	90	69	156	286	189	136
H656_31	31	78	96	73	156	268	195	140
H656_31	31	78	105	77	156	274	213	142
H656_31	31	78	96	73	156	280	195	140
H656_31	31	78	96	73	156	283	195	140
H656_31	31	78	96	73	156	298	195	140
H656_31	31	78	96	73	156	268	195	140
H657_31	31	70	96	69	156	259	-9	132
H657_31	31	78	123	73	156	277	-9	142
H657_31	31	100	96	77	156	259	-9	144
H657_31	31	70	96	141	156	259	-9	148
H657_31	31	70	96	69	156	259	-9	132
H657_31	31	70	96	69	156	259	-9	132
H658_31	31	72	93	69	156	262	195	136
H658_31	31	78	96	73	156	271	213	140
H658_31	31	86	153	77	156	295	195	146
H658_31	31	88	93	69	156	313	195	136
H658_31	31	72	93	69	156	262	195	136
H658_31	31	72	93	69	156	262	195	136
H659_31	31	70	96	69	156	259	192	136
H659_31	31	72	147	77	158	271	195	140
H659_31	31	86	96	69	156	295	198	142
H659_31	31	100	96	69	156	259	216	136
H659_31	31	70	96	69	156	259	192	136
H659_31	31	70	96	69	156	259	192	136
H660_31	31	70	96	69	156	271	195	136
H660_31	31	72	123	73	156	289	204	138
H660_31	31	88	96	97	156	271	213	140
H660_31	31	100	96	69	156	271	195	142
H660_31	31	70	96	69	156	271	195	146
H660_31	31	70	96	69	156	271	195	136
H661_31	31	76	93	69	156	259	-9	140
H661_31	31	88	96	73	156	277	-9	142
H661_31	31	90	132	141	156	280	-9	148
H661_31	31	100	93	69	156	289	-9	140
H661_31	31	76	93	69	156	310	-9	140
H661_31	31	76	93	69	156	259	-9	140
H662_31	31	70	93	69	156	259	192	140
H662_31	31	102	96	73	158	262	195	142
H662_31	31	104	144	69	156	280	198	140
H662_31	31	70	147	69	156	289	213	140
H662_31	31	70	93	69	156	259	192	140
H662_31	31	70	93	69	156	259	192	140
H663_31	31	70	93	69	156	280	195	140
H663_31	31	72	96	73	156	280	213	142
H663_31	31	88	123	69	156	280	195	148
H663_31	31	94	93	69	156	280	195	140
H663_31	31	70	93	69	156	280	195	140
H663_31	31	70	93	69	156	280	195	140
H664_31	31	76	96	69	156	286	195	140
H664_31	31	78	120	73	156	298	213	142
H664_31	31	86	123	69	156	286	195	148
H664_31	31	76	150	69	156	286	195	140
H664_31	31	76	165	69	156	286	195	140
H664_31	31	76	96	69	156	286	195	140
H665_31	31	76	96	69	156	289	180	136
H665_31	31	78	120	73	156	298	198	138
H665_31	31	86	123	69	156	310	204	142
H665_31	31	76	150	69	156	313	207	136
H665_31	31	76	165	69	156	289	216	136
H665_31	31	76	96	69	156	289	180	136
H666_31	31	70	90	73	156	259	192	136
H666_31	31	78	93	73	156	262	195	138
H666_31	31	82	96	73	156	280	198	140
H666_31	31	70	105	73	156	289	201	142
H666_31	31	70	123	73	156	298	213	136
H666_31	31	70	138	73	156	259	216	136
H667_31	31	70	93	73	156	259	195	140
H667_31	31	78	96	77	156	262	201	142
H667_31	31	70	93	73	156	283	213	148
H667_31	31	70	93	73	156	289	195	140
H667_31	31	70	93	73	156	322	195	140
H667_31	31	70	93	73	156	259	195	140
H668_31	31	70	96	69	156	259	201	136
H668_31	31	76	117	73	158	268	204	138
H668_31	31	78	96	69	156	280	201	142
H668_31	31	70	96	69	156	295	201	148
H668_31	31	70	96	69	156	313	201	154
H668_31	31	70	96	69	156	259	201	136
H669_31	31	70	96	69	156	259	189	136
H669_31	31	76	123	73	156	271	192	140
H669_31	31	78	150	69	156	280	195	142
H669_31	31	70	153	69	156	289	198	136
H669_31	31	70	96	69	156	259	213	136
H669_31	31	70	96	69	156	259	216	136
H670_31	31	70	96	73	156	259	192	140
H670_31	31	78	138	73	156	298	198	142
H670_31	31	82	96	73	156	259	216	144
H670_31	31	70	96	73	156	259	192	140
H670_31	31	70	96	73	156	259	192	140
H670_31	31	70	96	73	156	259	192	140
H671_32	32	60	96	69	156	262	189	142
H671_32	32	70	117	73	158	262	192	144
H671_32	32	78	132	93	156	262	195	146
H671_32	32	86	96	69	156	262	198	142
H671_32	32	102	96	69	156	262	201	142
H671_32	32	104	96	69	156	262	204	142
H672_32	32	60	96	69	156	-9	189	136
H672_32	32	70	117	73	156	-9	192	140
H672_32	32	78	132	93	156	-9	195	142
H672_32	32	102	96	69	156	-9	198	148
H672_32	32	104	96	69	156	-9	189	136
H672_32	32	60	96	69	156	-9	189	136
H673_32	32	58	93	69	156	262	195	140
H673_32	32	72	96	73	156	274	198	142
H673_32	32	88	120	93	156	304	204	146
H673_32	32	104	93	69	156	262	207	148
H673_32	32	58	93	69	156	262	213	140
H673_32	32	58	93	69	156	262	195	140
H674_32	32	58	93	69	156	262	198	130
H674_32	32	72	96	73	156	274	204	140
H674_32	32	86	111	93	156	280	207	148
H674_32	32	88	132	69	156	262	198	154
H674_32	32	104	93	69	156	262	198	130
H674_32	32	58	93	69	156	262	198	130
H675_32	32	72	96	69	156	274	195	140
H675_32	32	102	117	73	156	289	201	142
H675_32	32	104	132	93	156	274	210	154
H675_32	32	72	96	69	156	274	213	140
H675_32	32	72	96	69	156	274	195	140
H675_32	32	72	96	69	156	274	195	140
H676_32	32	58	96	69	156	262	195	132
H676_32	32	72	132	73	156	274	210	136
H676_32	32	76	150	93	156	313	213	140
H676_32	32	78	96	69	156	262	195	148
H676_32	32	102	96	69	156	262	195	132
H676_32	32	104	96	69	156	262	195	132
H677_32	32	58	96	73	156	289	189	136
H677_32	32	72	111	93	156	304	192	138
H677_32	32	104	117	73	156	313	198	140
H677_32	32	106	120	73	156	289	201	142
H677_32	32	58	96	73	156	289	189	136
H677_32	32	58	96	73	156	289	189	136
H678_32	32	58	96	69	156	289	189	136
H678_32	32	70	111	73	156	289	192	138
H678_32	32	72	120	93	156	289	195	142
H678_32	32	104	132	69	156	289	201	146
H678_32	32	58	144	69	156	289	213	154
H678_32	32	58	96	69	156	289	189	136
H679_32	32	58	96	69	156	274	204	136
H679_32	32	72	111	73	156	280	207	142
H679_32	32	78	117	93	156	304	204	144
H679_32	32	82	150	69	156	310	204	146
H679_32	32	104	96	69	156	313	204	136
H679_32	32	58	96	69	156	274	204	136
H680_32	32	78	96	69	156	289	201	136
H680_32	32	88	120	73	156	289	201	138
H680_32	32	104	132	93	156	289	201	140
H680_32	32	78	153	69	156	289	201	142
H680_32	32	78	96	69	156	289	201	148
H680_32	32	78	96	69	156	289	201	136
H681_32	32	60	96	69	156	289	189	138
H681_32	32	70	117	73	158	289	192	140
H681_32	32	72	120	93	156	289	201	146
H681_32	32	78	153	69	156	289	189	148
H681_32	32	102	96	69	156	289	189	154
H681_32	32	104	96	69	156	289	189	138
H682_32	32	-9	-9	-9	-9	289	189	140
H682_32	32	-9	-9	-9	-9	289	192	142
H682_32	32	-9	-9	-9	-9	289	195	140
H682_32	32	-9	-9	-9	-9	289	198	140
H682_32	32	-9	-9	-9	-9	289	201	140
H682_32	32	-9	-9	-9	-9	289	189	140
H683_32	32	70	96	69	156	265	192	130
H683_32	32	72	120	73	158	274	195	136
H683_32	32	88	150	93	156	277	198	142
H683_32	32	102	96	69	156	283	204	144
H683_32	32	104	96	69	156	295	207	148
H683_32	32	70	96	69	156	313	213	130
H684_32	32	70	96	69	156	289	189	136
H684_32	32	76	120	73	156	289	192	140
H684_32	32	88	132	93	156	289	198	142
H684_32	32	102	150	69	156	289	201	136
H684_32	32	104	96	69	156	289	189	136
H684_32	32	70	96	69	156	289	189	136
H685_32	32	58	96	69	156	274	192	136
H685_32	32	70	117	73	156	289	195	140
H685_32	32	72	138	93	156	304	198	142
H685_32	32	78	150	69	156	313	210	148
H685_32	32	88	96	69	156	274	213	136
H685_32	32	104	96	69	156	274	216	136
H686_32	32	-9	-9	-9	-9	262	192	138
H686_32	32	-9	-9	-9	-9	289	195	144
H686_32	32	-9	-9	-9	-9	262	198	148
H686_32	32	-9	-9	-9	-9	262	207	154
H686_32	32	-9	-9	-9	-9	262	192	138
H686_32	32	-9	-9	-9	-9	262	192	138
H687_32	32	72	96	93	156	262	192	130
H687_32	32	86	102	93	156	313	195	138
H687_32	32	92	117	93	156	262	198	140
H687_32	32	94	120	93	156	262	201	142
H687_32	32	102	96	93	156	262	213	148
H687_32	32	104	96	93	156	262	192	130
H688_32	32	58	93	69	156	265	198	136
H688_32	32	72	96	73	156	274	201	140
H688_32	32	92	132	93	156	298	204	142
H688_32	32	104	93	69	156	265	207	144
H688_32	32	58	93	69	156	265	198	136
H688_32	32	58	93	69	156	265	198	136
H689_32	32	70	96	69	156	262	198	140
H689_32	32	76	105	73	156	274	201	142
H689_32	32	92	153	93	156	262	204	144
H689_32	32	94	96	69	156	262	198	148
H689_32	32	100	96	69	156	262	198	154
H689_32	32	104	96	69	156	262	198	140
H690_32	32	70	93	69	156	265	192	138
H690_32	32	72	96	73	156	280	195	140
H690_32	32	82	120	93	156	313	198	142
H690_32	32	92	132	69	156	265	204	148
H690_32	32	94	93	69	156	265	207	138
H690_32	32	106	93	69	156	265	192	138
H691_32	32	92	102	93	-9	262	189	136
H691_32	32	94	120	93	-9	274	192	138
H691_32	32	92	132	93	-9	289	189	140
H691_32	32	92	102	93	-9	262	189	142
H691_32	32	92	102	93	-9	262	189	148
H691_32	32	92	102	93	-9	262	189	154
H692_32	32	-9	-9	-9	-9	289	198	130
H692_32	32	-9	-9	-9	-9	304	198	136
H692_32	32	-9	-9	-9	-9	289	198	138
H692_32	32	-9	-9	-9	-9	289	198	142
H692_32	32	-9	-9	-9	-9	289	198	144
H692_32	32	-9	-9	-9	-9	289	198	130
H693_32	32	70	96	69	154	262	201	140
H693_32	32	72	105	73	154	265	201	142
H693_32	32	82	111	93	154	280	201	144
H693_32	32	88	120	121	154	262	201	146
H693_32	32	92	96	69	154	262	201	140
H693_32	32	104	96	69	154	262	201	140
H694_32	32	78	96	69	156	259	189	138
H694_32	32	88	117	73	156	274	192	140
H694_32	32	104	120	69	156	313	189	146
H694_32	32	78	96	69	156	259	189	148
H694_32	32	78	96	69	156	259	189	138
H694_32	32	78	96	69	156	259	189	138
H695_32	32	70	96	73	156	259	195	130
H695_32	32	72	120	141	156	298	201	142
H695_32	32	104	96	73	156	304	213	146
H695_32	32	70	96	73	156	313	195	130
H695_32	32	70	96	73	156	259	195	130
H695_32	32	70	96	73	156	259	195	130
H696_32	32	70	96	69	158	265	195	138
H696_32	32	76	132	73	158	310	201	142
H696_32	32	78	150	69	158	313	213	146
H696_32	32	70	96	69	158	265	195	138
H696_32	32	70	96	69	158	265	195	138
H696_32	32	70	96	69	158	265	195	138
H697_32	32	70	96	69	156	259	195	142
H697_32	32	72	120	73	156	280	201	144
H697_32	32	82	132	69	156	283	213	154
H697_32	32	106	96	69	156	322	195	142
H697_32	32	70	96	69	156	259	195	142
H697_32	32	70	96	69	156	259	195	142
H698_32	32	70	96	69	156	274	192	140
H698_32	32	78	117	73	156	289	195	142
H698_32	32	104	132	69	156	304	198	148
H698_32	32	70	96	69	156	274	204	140
H698_32	32	70	96	69	156	274	207	140
H698_32	32	70	96	69	156	274	192	140
H699_32	32	78	96	69	156	280	189	136
H699_32	32	88	120	73	156	295	192	138
H699_32	32	78	132	69	156	313	195	142
H699_32	32	78	153	69	156	280	198	154
H699_32	32	78	96	69	156	280	201	136
H699_32	32	78	96	69	156	280	189	136
H700_32	32	70	96	69	156	289	195	136
H700_32	32	88	117	73	156	289	198	140
H700_32	32	100	120	69	156	289	213	142
H700_32	32	70	123	69	156	289	195	148
H700_32	32	70	132	69	156	289	195	154
H700_32	32	70	150	69	156	289	195	136
H701_32	32	72	96	69	156	259	195	136
H701_32	32	102	120	73	158	268	210	138
H701_32	32	104	96	141	156	289	213	140
H701_32	32	72	96	69	156	304	195	142
H701_32	32	72	96	69	156	259	195	136
H701_32	32	72	96	69	156	259	195	136
H702_32	32	70	96	69	154	277	192	130
H702_32	32	86	105	73	156	304	198	136
H702_32	32	102	117	69	154	277	201	140
H702_32	32	104	144	69	154	277	192	142
H702_32	32	70	96	69	154	277	192	146
H702_32	32	70	96	69	154	277	192	154
H703_32	32	72	96	73	156	280	192	136
H703_32	32	86	132	73	158	304	195	142
H703_32	32	88	144	73	156	280	198	146
H703_32	32	72	96	73	156	280	213	154
H703_32	32	72	96	73	156	280	192	136
H703_32	32	72	96	73	156	280	192	136
H704_33	33	70	96	69	158	262	198	136
H704_33	33	78	120	73	158	262	201	138
H704_33	33	104	150	93	158	262	204	142
H704_33	33	70	96	69	158	262	198	146
H704_33	33	70	96	69	158	262	198	148
H704_33	33	70	96	69	158	262	198	154
H705_33	33	58	96	69	158	262	195	142
H705_33	33	72	117	73	158	262	198	146
H705_33	33	78	144	93	158	262	204	142
H705_33	33	104	96	69	158	262	207	142
H705_33	33	106	96	69	158	262	213	142
H705_33	33	58	96	69	158	262	195	142
H706_33	33	72	93	69	156	262	192	136
H706_33	33	72	96	73	156	262	195	138
H706_33	33	72	111	93	156	262	198	140
H706_33	33	72	120	69	156	262	204	142
H706_33	33	72	93	69	156	262	213	136
H706_33	33	72	93	69	156	262	192	136
H707_33	33	72	96	69	156	262	192	138
H707_33	33	78	117	73	156	262	195	142
H707_33	33	92	150	93	156	262	198	144
H707_33	33	94	96	69	156	262	201	146
H707_33	33	102	96	69	156	262	192	148
H707_33	33	72	96	69	156	262	192	138
H708_33	33	70	102	93	156	262	192	138
H708_33	33	72	105	93	156	262	195	144
H708_33	33	92	117	93	156	262	198	146
H708_33	33	94	120	93	156	262	213	138
H708_33	33	102	102	93	156	262	192	138
H708_33	33	104	102	93	156	262	192	138
H709_33	33	70	96	69	156	262	189	142
H709_33	33	72	126	73	158	262	192	144
H709_33	33	86	147	93	156	262	195	148
H709_33	33	92	96	69	156	262	198	154
H709_33	33	94	96	69	156	262	189	142
H709_33	33	104	96	69	156	262	189	142
H710_33	33	70	96	69	158	289	-9	140
H710_33	33	72	117	73	158	289	-9	142
H710_33	33	86	120	93	158	289	-9	146
H710_33	33	90	150	69	158	289	-9	148
H710_33	33	94	96	69	158	289	-9	140
H710_33	33	104	96	69	158	289	-9	140
H711_33	33	70	96	69	156	313	192	140
H711_33	33	72	120	73	158	313	198	142
H711_33	33	92	132	93	156	313	201	146
H711_33	33	94	96	69	156	313	216	154
H711_33	33	102	96	69	156	313	192	140
H711_33	33	104	96	69	156	313	192	140
H712_33	33	58	93	69	156	262	-9	140
H712_33	33	70	96	73	158	313	-9	148
H712_33	33	72	117	93	156	262	-9	140
H712_33	33	92	120	69	156	262	-9	140
H712_33	33	94	93	69	156	262	-9	140
H712_33	33	104	93	69	156	262	-9	140
H713_33	33	72	93	65	156	262	192	140
H713_33	33	78	96	69	156	262	195	142
H713_33	33	72	120	73	156	262	198	146
H713_33	33	72	93	93	156	262	213	148
H713_33	33	72	93	65	156	262	216	154
H713_33	33	72	93	65	156	262	192	140
H714_33	33	70	117	69	156	268	-9	138
H714_33	33	72	120	73	158	289	-9	140
H714_33	33	94	150	93	156	313	-9	142
H714_33	33	102	117	69	156	268	-9	144
H714_33	33	104	117	69	156	268	-9	146
H714_33	33	106	117	69	156	268	-9	138
H715_33	33	58	93	69	156	262	189	138
H715_33	33	70	96	73	156	289	192	140
H715_33	33	72	120	93	156	262	198	142
H715_33	33	104	132	69	156	262	201	148
H715_33	33	58	93	69	156	262	189	138
H715_33	33	58	93	69	156	262	189	138
H716_33	33	72	90	69	156	259	-9	-9
H716_33	33	78	96	73	156	259	-9	-9
H716_33	33	94	111	93	156	259	-9	-9
H716_33	33	104	153	69	156	259	-9	-9
H716_33	33	72	90	69	156	259	-9	-9
H716_33	33	72	90	69	156	259	-9	-9
H717_33	33	58	96	69	156	262	192	130
H717_33	33	72	117	73	158	289	195	140
H717_33	33	78	144	93	156	262	198	144
H717_33	33	102	96	69	156	262	204	146
H717_33	33	104	96	69	156	262	207	148
H717_33	33	58	96	69	156	262	213	130
H718_33	33	70	93	69	156	262	192	130
H718_33	33	72	96	73	158	289	195	138
H718_33	33	78	132	93	156	262	198	140
H718_33	33	88	144	69	156	262	204	144
H718_33	33	70	93	69	156	262	207	146
H718_33	33	70	93	69	156	262	213	130
H719_33	33	58	96	69	156	262	195	130
H719_33	33	72	117	73	158	262	198	140
H719_33	33	86	120	93	156	262	204	144
H719_33	33	102	144	69	156	262	207	148
H719_33	33	104	96	69	156	262	213	130
H719_33	33	106	96	69	156	262	195	130
H720_33	33	-9	-9	-9	-9	262	189	138
H720_33	33	-9	-9	-9	-9	313	192	142
H720_33	33	-9	-9	-9	-9	262	195	144
H720_33	33	-9	-9	-9	-9	262	213	138
H720_33	33	-9	-9	-9	-9	262	189	138
H720_33	33	-9	-9	-9	-9	262	189	138
H721_33	33	72	96	69	156	262	192	130
H721_33	33	78	111	73	156	289	195	140
H721_33	33	86	117	93	156	262	198	146
H721_33	33	92	120	69	156	262	204	154
H721_33	33	94	132	69	156	262	192	130
H721_33	33	104	144	69	156	262	192	130
H722_33	33	58	117	69	154	259	189	138
H722_33	33	70	120	73	156	268	192	142
H722_33	33	94	144	69	154	295	195	146
H722_33	33	58	150	69	154	304	198	138
H722_33	33	58	117	69	154	310	213	138
H722_33	33	58	117	69	154	313	189	138
H723_33	33	58	96	69	156	-9	-9	-9
H723_33	33	70	120	73	156	-9	-9	-9
H723_33	33	76	144	69	156	-9	-9	-9
H723_33	33	78	96	69	156	-9	-9	-9
H723_33	33	94	96	69	156	-9	-9	-9
H723_33	33	104	96	69	156	-9	-9	-9
H724_33	33	70	96	69	156	262	198	142
H724_33	33	72	120	73	158	265	198	144
H724_33	33	94	96	69	156	280	198	148
H724_33	33	104	96	69	156	307	198	154
H724_33	33	70	96	69	156	313	198	142
H724_33	33	70	96	69	156	262	198	142
H725_33	33	58	93	73	154	-9	-9	-9
H725_33	33	70	96	73	156	-9	-9	-9
H725_33	33	72	111	73	154	-9	-9	-9
H725_33	33	78	120	73	154	-9	-9	-9
H725_33	33	94	132	73	154	-9	-9	-9
H725_33	33	104	93	73	154	-9	-9	-9
H726_33	33	70	96	69	156	262	195	136
H726_33	33	72	120	73	156	268	204	138
H726_33	33	102	144	69	156	274	213	142
H726_33	33	104	96	69	156	289	195	146
H726_33	33	70	96	69	156	295	195	148
H726_33	33	70	96	69	156	313	195	154
H727_33	33	70	93	69	156	262	189	138
H727_33	33	86	96	73	158	277	192	142
H727_33	33	100	132	69	156	280	201	146
H727_33	33	70	150	69	156	295	189	148
H727_33	33	70	93	69	156	313	189	154
H727_33	33	70	93	69	156	262	189	138
H728_33	33	70	96	69	156	274	192	138
H728_33	33	78	105	73	156	289	195	140
H728_33	33	104	117	69	156	310	198	142
H728_33	33	70	120	69	156	313	204	146
H728_33	33	70	132	69	156	274	213	148
H728_33	33	70	96	69	156	274	216	138
H729_33	33	78	96	69	156	262	189	136
H729_33	33	86	111	73	158	274	192	138
H729_33	33	78	120	69	156	283	189	148
H729_33	33	78	96	69	156	295	189	136
H729_33	33	78	96	69	156	310	189	136
H729_33	33	78	96	69	156	313	189	136
H730_33	33	70	96	69	156	262	192	136
H730_33	33	86	120	73	156	265	195	140
H730_33	33	70	138	69	156	274	198	142
H730_33	33	70	96	69	156	280	204	154
H730_33	33	70	96	69	156	283	192	136
H730_33	33	70	96	69	156	313	192	136
H731_33	33	70	96	69	156	262	192	142
H731_33	33	86	132	73	156	280	195	146
H731_33	33	88	150	69	156	301	198	154
H731_33	33	70	96	69	156	328	192	142
H731_33	33	70	96	69	156	262	192	142
H731_33	33	70	96	69	156	262	192	142
H732_33	33	70	96	69	156	262	195	142
H732_33	33	78	132	73	156	274	198	144
H732_33	33	104	96	69	156	304	213	148
H732_33	33	70	96	69	156	322	195	142
H732_33	33	70	96	69	156	262	195	142
H732_33	33	70	96	69	156	262	195	142
H733_33	33	72	90	69	156	283	180	136
H733_33	33	78	96	73	156	289	198	138
H733_33	33	104	120	69	156	198	204	142
H733_33	33	72	90	69	156	310	207	136
H733_33	33	72	90	69	156	313	216	136
H733_33	33	72	90	69	156	283	180	136
H734_33	33	70	96	69	156	259	192	140
H734_33	33	76	111	73	158	280	195	142
H734_33	33	78	117	69	156	304	198	146
H734_33	33	102	144	69	156	259	213	148
H734_33	33	104	150	69	156	259	216	154
H734_33	33	70	96	69	156	259	192	140
H735_33	33	72	96	69	156	259	195	130
H735_33	33	76	111	73	158	289	204	136
H735_33	33	102	120	141	156	313	207	138
H735_33	33	104	144	69	156	259	213	140
H735_33	33	72	96	69	156	259	195	142
H735_33	33	72	96	69	156	259	195	148
