		F58red	A12green	B3blue	A415black	G431blue	J15green	H231red
		-9	-9	-9	-9	-9	-9	-9
D31_2	2	78	129	129	184	256	198	144
D31_2	2	86	129	161	190	271	204	144
D31_2	2	-9	-9	-9	-9	-9	-9	-9
D31_2	2	-9	-9	-9	-9	-9	-9	-9
D31_2	2	-9	-9	-9	-9	-9	-9	-9
D31_2	2	-9	-9	-9	-9	-9	-9	-9
D32_2	2	78	114	157	170	274	195	142
D32_2	2	86	114	173	170	274	198	144
D32_2	2	-9	-9	-9	-9	-9	-9	-9
D32_2	2	-9	-9	-9	-9	-9	-9	-9
D32_2	2	-9	-9	-9	-9	-9	-9	-9
D32_2	2	-9	-9	-9	-9	-9	-9	-9
D33_2	2	78	117	157	184	256	195	144
D33_2	2	86	132	157	190	256	195	144
D33_2	2	-9	-9	-9	-9	-9	-9	-9
D33_2	2	-9	-9	-9	-9	-9	-9	-9
D33_2	2	-9	-9	-9	-9	-9	-9	-9
D33_2	2	-9	-9	-9	-9	-9	-9	-9
D34_2	2	78	123	129	170	-9	-9	-9
D34_2	2	86	123	165	184	-9	-9	-9
D34_2	2	-9	-9	-9	-9	-9	-9	-9
D34_2	2	-9	-9	-9	-9	-9	-9	-9
D34_2	2	-9	-9	-9	-9	-9	-9	-9
D34_2	2	-9	-9	-9	-9	-9	-9	-9
D35_2	2	82	129	129	184	274	195	144
D35_2	2	86	129	153	190	274	198	144
D35_2	2	-9	-9	-9	-9	-9	-9	-9
D35_2	2	-9	-9	-9	-9	-9	-9	-9
D35_2	2	-9	-9	-9	-9	-9	-9	-9
D35_2	2	-9	-9	-9	-9	-9	-9	-9
D36_2	2	76	117	157	170	256	195	144
D36_2	2	86	129	157	170	274	198	144
D36_2	2	-9	-9	-9	-9	-9	-9	-9
D36_2	2	-9	-9	-9	-9	-9	-9	-9
D36_2	2	-9	-9	-9	-9	-9	-9	-9
D36_2	2	-9	-9	-9	-9	-9	-9	-9
D37_2	2	78	129	129	174	256	195	144
D37_2	2	82	132	129	182	271	198	144
D37_2	2	-9	-9	-9	-9	-9	-9	-9
D37_2	2	-9	-9	-9	-9	-9	-9	-9
D37_2	2	-9	-9	-9	-9	-9	-9	-9
D37_2	2	-9	-9	-9	-9	-9	-9	-9
D38_2	2	78	117	129	180	274	195	142
D38_2	2	84	132	165	190	289	198	144
D38_2	2	-9	-9	-9	-9	-9	-9	-9
D38_2	2	-9	-9	-9	-9	-9	-9	-9
D38_2	2	-9	-9	-9	-9	-9	-9	-9
D38_2	2	-9	-9	-9	-9	-9	-9	-9
D39_2	2	76	129	157	182	256	195	144
D39_2	2	78	129	157	184	256	198	144
D39_2	2	-9	-9	-9	-9	-9	-9	-9
D39_2	2	-9	-9	-9	-9	-9	-9	-9
D39_2	2	-9	-9	-9	-9	-9	-9	-9
D39_2	2	-9	-9	-9	-9	-9	-9	-9
D40_2	2	76	117	129	184	256	195	144
D40_2	2	84	171	165	192	271	198	144
D40_2	2	-9	-9	-9	-9	-9	-9	-9
D40_2	2	-9	-9	-9	-9	-9	-9	-9
D40_2	2	-9	-9	-9	-9	-9	-9	-9
D40_2	2	-9	-9	-9	-9	-9	-9	-9
D41_2	2	78	132	129	176	256	195	144
D41_2	2	82	132	157	182	289	204	144
D41_2	2	-9	-9	-9	-9	-9	-9	-9
D41_2	2	-9	-9	-9	-9	-9	-9	-9
D41_2	2	-9	-9	-9	-9	-9	-9	-9
D41_2	2	-9	-9	-9	-9	-9	-9	-9
D42_2	2	78	129	129	176	256	195	144
D42_2	2	82	129	157	176	274	195	144
D42_2	2	-9	-9	-9	-9	-9	-9	-9
D42_2	2	-9	-9	-9	-9	-9	-9	-9
D42_2	2	-9	-9	-9	-9	-9	-9	-9
D42_2	2	-9	-9	-9	-9	-9	-9	-9
D43_2	2	82	117	129	184	256	195	142
D43_2	2	86	132	157	190	274	198	142
D43_2	2	-9	-9	-9	-9	-9	-9	-9
D43_2	2	-9	-9	-9	-9	-9	-9	-9
D43_2	2	-9	-9	-9	-9	-9	-9	-9
D43_2	2	-9	-9	-9	-9	-9	-9	-9
D44_2	2	78	129	129	182	256	195	142
D44_2	2	82	129	153	182	274	198	144
D44_2	2	-9	-9	-9	-9	-9	-9	-9
D44_2	2	-9	-9	-9	-9	-9	-9	-9
D44_2	2	-9	-9	-9	-9	-9	-9	-9
D44_2	2	-9	-9	-9	-9	-9	-9	-9
D45_2	2	78	114	129	176	256	195	144
D45_2	2	78	114	129	194	271	198	144
D45_2	2	-9	-9	-9	-9	-9	-9	-9
D45_2	2	-9	-9	-9	-9	-9	-9	-9
D45_2	2	-9	-9	-9	-9	-9	-9	-9
D45_2	2	-9	-9	-9	-9	-9	-9	-9
D46_2	2	78	129	129	176	256	195	144
D46_2	2	82	129	153	192	256	198	144
D46_2	2	-9	-9	-9	-9	-9	-9	-9
D46_2	2	-9	-9	-9	-9	-9	-9	-9
D46_2	2	-9	-9	-9	-9	-9	-9	-9
D46_2	2	-9	-9	-9	-9	-9	-9	-9
D47_2	2	76	117	157	170	256	195	142
D47_2	2	86	117	157	184	289	198	144
D47_2	2	-9	-9	-9	-9	-9	-9	-9
D47_2	2	-9	-9	-9	-9	-9	-9	-9
D47_2	2	-9	-9	-9	-9	-9	-9	-9
D47_2	2	-9	-9	-9	-9	-9	-9	-9
D48_2	2	78	129	129	180	-9	195	142
D48_2	2	86	129	165	182	-9	198	144
D48_2	2	-9	-9	-9	-9	-9	-9	-9
D48_2	2	-9	-9	-9	-9	-9	-9	-9
D48_2	2	-9	-9	-9	-9	-9	-9	-9
D48_2	2	-9	-9	-9	-9	-9	-9	-9
D49_2	2	78	-9	157	-9	-9	195	144
D49_2	2	82	-9	157	-9	-9	198	144
D49_2	2	-9	-9	-9	-9	-9	-9	-9
D49_2	2	-9	-9	-9	-9	-9	-9	-9
D49_2	2	-9	-9	-9	-9	-9	-9	-9
D49_2	2	-9	-9	-9	-9	-9	-9	-9
D50_2	2	78	-9	157	-9	-9	195	144
D50_2	2	86	-9	157	-9	-9	195	144
D50_2	2	-9	-9	-9	-9	-9	-9	-9
D50_2	2	-9	-9	-9	-9	-9	-9	-9
D50_2	2	-9	-9	-9	-9	-9	-9	-9
D50_2	2	-9	-9	-9	-9	-9	-9	-9
D51_2	2	82	-9	129	174	256	195	144
D51_2	2	86	-9	129	182	274	195	144
D51_2	2	-9	-9	-9	-9	-9	-9	-9
D51_2	2	-9	-9	-9	-9	-9	-9	-9
D51_2	2	-9	-9	-9	-9	-9	-9	-9
D51_2	2	-9	-9	-9	-9	-9	-9	-9
D52_2	2	76	129	129	182	256	198	142
D52_2	2	78	129	157	182	274	204	144
D52_2	2	-9	-9	-9	-9	-9	-9	-9
D52_2	2	-9	-9	-9	-9	-9	-9	-9
D52_2	2	-9	-9	-9	-9	-9	-9	-9
D52_2	2	-9	-9	-9	-9	-9	-9	-9
D74_4	4	78	96	129	190	274	195	136
D74_4	4	78	114	165	190	280	198	144
D74_4	4	-9	-9	-9	-9	-9	-9	-9
D74_4	4	-9	-9	-9	-9	-9	-9	-9
D74_4	4	-9	-9	-9	-9	-9	-9	-9
D74_4	4	-9	-9	-9	-9	-9	-9	-9
D75_4	4	84	123	129	176	274	195	136
D75_4	4	86	168	157	178	277	198	144
D75_4	4	-9	-9	-9	-9	-9	-9	-9
D75_4	4	-9	-9	-9	-9	-9	-9	-9
D75_4	4	-9	-9	-9	-9	-9	-9	-9
D75_4	4	-9	-9	-9	-9	-9	-9	-9
D76_4	4	84	123	121	200	277	198	144
D76_4	4	86	129	129	202	280	198	146
D76_4	4	-9	-9	-9	-9	-9	-9	-9
D76_4	4	-9	-9	-9	-9	-9	-9	-9
D76_4	4	-9	-9	-9	-9	-9	-9	-9
D76_4	4	-9	-9	-9	-9	-9	-9	-9
D77_4	4	78	111	129	174	274	198	142
D77_4	4	82	123	165	196	280	198	144
D77_4	4	-9	-9	-9	-9	-9	-9	-9
D77_4	4	-9	-9	-9	-9	-9	-9	-9
D77_4	4	-9	-9	-9	-9	-9	-9	-9
D77_4	4	-9	-9	-9	-9	-9	-9	-9
D78_4	4	-9	-9	-9	-9	271	195	144
D78_4	4	-9	-9	-9	-9	277	198	144
D78_4	4	-9	-9	-9	-9	-9	-9	-9
D78_4	4	-9	-9	-9	-9	-9	-9	-9
D78_4	4	-9	-9	-9	-9	-9	-9	-9
D78_4	4	-9	-9	-9	-9	-9	-9	-9
D79_4	4	78	111	129	176	265	195	144
D79_4	4	86	111	165	196	274	198	146
D79_4	4	-9	-9	-9	-9	-9	-9	-9
D79_4	4	-9	-9	-9	-9	-9	-9	-9
D79_4	4	-9	-9	-9	-9	-9	-9	-9
D79_4	4	-9	-9	-9	-9	-9	-9	-9
D80_4	4	78	111	129	194	268	195	142
D80_4	4	82	168	157	200	274	198	144
D80_4	4	-9	-9	-9	-9	-9	-9	-9
D80_4	4	-9	-9	-9	-9	-9	-9	-9
D80_4	4	-9	-9	-9	-9	-9	-9	-9
D80_4	4	-9	-9	-9	-9	-9	-9	-9
D81_4	4	78	93	129	174	274	189	144
D81_4	4	88	93	157	178	274	198	144
D81_4	4	-9	-9	-9	-9	-9	-9	-9
D81_4	4	-9	-9	-9	-9	-9	-9	-9
D81_4	4	-9	-9	-9	-9	-9	-9	-9
D81_4	4	-9	-9	-9	-9	-9	-9	-9
D82_4	4	80	111	129	194	274	198	144
D82_4	4	80	123	157	196	274	198	144
D82_4	4	-9	-9	-9	-9	-9	-9	-9
D82_4	4	-9	-9	-9	-9	-9	-9	-9
D82_4	4	-9	-9	-9	-9	-9	-9	-9
D82_4	4	-9	-9	-9	-9	-9	-9	-9
D83_4	4	-9	-9	-9	-9	268	198	144
D83_4	4	-9	-9	-9	-9	283	198	144
D83_4	4	-9	-9	-9	-9	-9	-9	-9
D83_4	4	-9	-9	-9	-9	-9	-9	-9
D83_4	4	-9	-9	-9	-9	-9	-9	-9
D83_4	4	-9	-9	-9	-9	-9	-9	-9
D109_6	6	82	120	153	178	274	198	142
D109_6	6	88	132	153	184	289	198	142
D109_6	6	-9	-9	-9	-9	-9	-9	-9
D109_6	6	-9	-9	-9	-9	-9	-9	-9
D109_6	6	-9	-9	-9	-9	-9	-9	-9
D109_6	6	-9	-9	-9	-9	-9	-9	-9
D110_6	6	82	93	129	182	274	198	142
D110_6	6	86	126	153	192	274	198	142
D110_6	6	-9	-9	-9	-9	-9	-9	-9
D110_6	6	-9	-9	-9	-9	-9	-9	-9
D110_6	6	-9	-9	-9	-9	-9	-9	-9
D110_6	6	-9	-9	-9	-9	-9	-9	-9
D111_6	6	82	129	153	176	271	198	142
D111_6	6	82	129	165	182	280	198	142
D111_6	6	-9	-9	-9	-9	-9	-9	-9
D111_6	6	-9	-9	-9	-9	-9	-9	-9
D111_6	6	-9	-9	-9	-9	-9	-9	-9
D111_6	6	-9	-9	-9	-9	-9	-9	-9
D112_6	6	78	114	129	180	-9	198	142
D112_6	6	86	129	129	182	-9	198	144
D112_6	6	-9	-9	-9	-9	-9	-9	-9
D112_6	6	-9	-9	-9	-9	-9	-9	-9
D112_6	6	-9	-9	-9	-9	-9	-9	-9
D112_6	6	-9	-9	-9	-9	-9	-9	-9
D113_6	6	82	132	129	170	271	198	144
D113_6	6	86	138	129	178	280	198	144
D113_6	6	-9	-9	-9	-9	-9	-9	-9
D113_6	6	-9	-9	-9	-9	-9	-9	-9
D113_6	6	-9	-9	-9	-9	-9	-9	-9
D113_6	6	-9	-9	-9	-9	-9	-9	-9
D114_6	6	78	114	129	172	274	198	142
D114_6	6	82	117	153	186	274	201	144
D114_6	6	-9	-9	-9	-9	-9	-9	-9
D114_6	6	-9	-9	-9	-9	-9	-9	-9
D114_6	6	-9	-9	-9	-9	-9	-9	-9
D114_6	6	-9	-9	-9	-9	-9	-9	-9
D115_6	6	82	126	129	182	277	198	142
D115_6	6	86	132	129	184	280	198	144
D115_6	6	-9	-9	-9	-9	-9	-9	-9
D115_6	6	-9	-9	-9	-9	-9	-9	-9
D115_6	6	-9	-9	-9	-9	-9	-9	-9
D115_6	6	-9	-9	-9	-9	-9	-9	-9
D116_6	6	82	120	153	188	274	198	142
D116_6	6	86	138	165	190	274	198	144
D116_6	6	-9	-9	-9	-9	-9	-9	-9
D116_6	6	-9	-9	-9	-9	-9	-9	-9
D116_6	6	-9	-9	-9	-9	-9	-9	-9
D116_6	6	-9	-9	-9	-9	-9	-9	-9
D117_6	6	78	114	129	180	274	198	144
D117_6	6	86	126	129	180	277	198	144
D117_6	6	-9	-9	-9	-9	-9	-9	-9
D117_6	6	-9	-9	-9	-9	-9	-9	-9
D117_6	6	-9	-9	-9	-9	-9	-9	-9
D117_6	6	-9	-9	-9	-9	-9	-9	-9
D118_6	6	78	114	129	180	277	198	142
D118_6	6	86	129	153	186	280	201	144
D118_6	6	-9	-9	-9	-9	-9	-9	-9
D118_6	6	-9	-9	-9	-9	-9	-9	-9
D118_6	6	-9	-9	-9	-9	-9	-9	-9
D118_6	6	-9	-9	-9	-9	-9	-9	-9
D119_6	6	78	117	129	178	274	198	140
D119_6	6	86	132	153	194	280	198	144
D119_6	6	-9	-9	-9	-9	-9	-9	-9
D119_6	6	-9	-9	-9	-9	-9	-9	-9
D119_6	6	-9	-9	-9	-9	-9	-9	-9
D119_6	6	-9	-9	-9	-9	-9	-9	-9
D120_6	6	86	93	129	184	274	198	142
D120_6	6	88	168	153	194	274	201	144
D120_6	6	-9	-9	-9	-9	-9	-9	-9
D120_6	6	-9	-9	-9	-9	-9	-9	-9
D120_6	6	-9	-9	-9	-9	-9	-9	-9
D120_6	6	-9	-9	-9	-9	-9	-9	-9
D121_6	6	80	132	153	178	274	198	142
D121_6	6	82	150	153	182	280	198	142
D121_6	6	-9	-9	-9	-9	-9	-9	-9
D121_6	6	-9	-9	-9	-9	-9	-9	-9
D121_6	6	-9	-9	-9	-9	-9	-9	-9
D121_6	6	-9	-9	-9	-9	-9	-9	-9
D122_6	6	78	114	129	174	274	198	142
D122_6	6	82	120	165	186	274	198	144
D122_6	6	-9	-9	-9	-9	-9	-9	-9
D122_6	6	-9	-9	-9	-9	-9	-9	-9
D122_6	6	-9	-9	-9	-9	-9	-9	-9
D122_6	6	-9	-9	-9	-9	-9	-9	-9
D123_6	6	78	114	129	182	274	198	142
D123_6	6	82	120	153	184	274	198	142
D123_6	6	-9	-9	-9	-9	-9	-9	-9
D123_6	6	-9	-9	-9	-9	-9	-9	-9
D123_6	6	-9	-9	-9	-9	-9	-9	-9
D123_6	6	-9	-9	-9	-9	-9	-9	-9
D124_6	6	80	129	129	178	271	198	142
D124_6	6	82	150	153	182	280	198	142
D124_6	6	-9	-9	-9	-9	-9	-9	-9
D124_6	6	-9	-9	-9	-9	-9	-9	-9
D124_6	6	-9	-9	-9	-9	-9	-9	-9
D124_6	6	-9	-9	-9	-9	-9	-9	-9
D125_6	6	80	120	129	178	274	198	142
D125_6	6	80	150	165	182	280	198	144
D125_6	6	-9	-9	-9	-9	-9	-9	-9
D125_6	6	-9	-9	-9	-9	-9	-9	-9
D125_6	6	-9	-9	-9	-9	-9	-9	-9
D125_6	6	-9	-9	-9	-9	-9	-9	-9
D126_6	6	82	93	129	182	271	195	142
D126_6	6	88	120	153	182	274	198	144
D126_6	6	-9	-9	-9	-9	-9	-9	-9
D126_6	6	-9	-9	-9	-9	-9	-9	-9
D126_6	6	-9	-9	-9	-9	-9	-9	-9
D126_6	6	-9	-9	-9	-9	-9	-9	-9
D127_6	6	80	138	129	184	274	198	142
D127_6	6	88	150	153	194	280	198	142
D127_6	6	-9	-9	-9	-9	-9	-9	-9
D127_6	6	-9	-9	-9	-9	-9	-9	-9
D127_6	6	-9	-9	-9	-9	-9	-9	-9
D127_6	6	-9	-9	-9	-9	-9	-9	-9
D128_6	6	82	132	129	184	277	198	142
D128_6	6	82	132	153	186	280	198	144
D128_6	6	-9	-9	-9	-9	-9	-9	-9
D128_6	6	-9	-9	-9	-9	-9	-9	-9
D128_6	6	-9	-9	-9	-9	-9	-9	-9
D128_6	6	-9	-9	-9	-9	-9	-9	-9
D129_6	6	78	120	153	184	280	198	142
D129_6	6	82	138	165	186	280	198	142
D129_6	6	-9	-9	-9	-9	-9	-9	-9
D129_6	6	-9	-9	-9	-9	-9	-9	-9
D129_6	6	-9	-9	-9	-9	-9	-9	-9
D129_6	6	-9	-9	-9	-9	-9	-9	-9
D130_6	6	82	93	129	168	277	198	142
D130_6	6	86	132	129	178	289	201	142
D130_6	6	-9	-9	-9	-9	-9	-9	-9
D130_6	6	-9	-9	-9	-9	-9	-9	-9
D130_6	6	-9	-9	-9	-9	-9	-9	-9
D130_6	6	-9	-9	-9	-9	-9	-9	-9
D131_6	6	82	126	129	184	283	198	142
D131_6	6	86	132	153	192	289	198	142
D131_6	6	-9	-9	-9	-9	-9	-9	-9
D131_6	6	-9	-9	-9	-9	-9	-9	-9
D131_6	6	-9	-9	-9	-9	-9	-9	-9
D131_6	6	-9	-9	-9	-9	-9	-9	-9
D144_8	8	78	123	129	186	271	195	142
D144_8	8	82	132	129	198	274	198	144
D144_8	8	-9	-9	-9	-9	-9	-9	-9
D144_8	8	-9	-9	-9	-9	-9	-9	-9
D144_8	8	-9	-9	-9	-9	-9	-9	-9
D144_8	8	-9	-9	-9	-9	-9	-9	-9
D145_8	8	-9	-9	-9	-9	289	195	142
D145_8	8	-9	-9	-9	-9	289	198	144
D145_8	8	-9	-9	-9	-9	-9	-9	-9
D145_8	8	-9	-9	-9	-9	-9	-9	-9
D145_8	8	-9	-9	-9	-9	-9	-9	-9
D145_8	8	-9	-9	-9	-9	-9	-9	-9
D146_8	8	82	93	129	178	256	195	144
D146_8	8	82	123	129	200	256	198	146
D146_8	8	-9	-9	-9	-9	-9	-9	-9
D146_8	8	-9	-9	-9	-9	-9	-9	-9
D146_8	8	-9	-9	-9	-9	-9	-9	-9
D146_8	8	-9	-9	-9	-9	-9	-9	-9
D147_8	8	82	123	129	188	277	195	144
D147_8	8	86	129	153	188	286	195	144
D147_8	8	-9	-9	-9	-9	-9	-9	-9
D147_8	8	-9	-9	-9	-9	-9	-9	-9
D147_8	8	-9	-9	-9	-9	-9	-9	-9
D147_8	8	-9	-9	-9	-9	-9	-9	-9
D148_8	8	-9	-9	-9	-9	256	195	144
D148_8	8	-9	-9	-9	-9	256	195	144
D148_8	8	-9	-9	-9	-9	-9	-9	-9
D148_8	8	-9	-9	-9	-9	-9	-9	-9
D148_8	8	-9	-9	-9	-9	-9	-9	-9
D148_8	8	-9	-9	-9	-9	-9	-9	-9
D149_8	8	84	93	129	170	274	195	144
D149_8	8	84	123	161	196	274	198	144
D149_8	8	-9	-9	-9	-9	-9	-9	-9
D149_8	8	-9	-9	-9	-9	-9	-9	-9
D149_8	8	-9	-9	-9	-9	-9	-9	-9
D149_8	8	-9	-9	-9	-9	-9	-9	-9
D150_8	8	78	129	129	178	286	198	142
D150_8	8	82	132	161	182	289	201	144
D150_8	8	-9	-9	-9	-9	-9	-9	-9
D150_8	8	-9	-9	-9	-9	-9	-9	-9
D150_8	8	-9	-9	-9	-9	-9	-9	-9
D150_8	8	-9	-9	-9	-9	-9	-9	-9
D151_8	8	78	93	129	166	274	195	144
D151_8	8	78	150	157	172	274	195	144
D151_8	8	-9	-9	-9	-9	-9	-9	-9
D151_8	8	-9	-9	-9	-9	-9	-9	-9
D151_8	8	-9	-9	-9	-9	-9	-9	-9
D151_8	8	-9	-9	-9	-9	-9	-9	-9
D152_8	8	78	114	161	174	274	195	144
D152_8	8	82	129	165	194	277	195	144
D152_8	8	-9	-9	-9	-9	-9	-9	-9
D152_8	8	-9	-9	-9	-9	-9	-9	-9
D152_8	8	-9	-9	-9	-9	-9	-9	-9
D152_8	8	-9	-9	-9	-9	-9	-9	-9
D153_8	8	78	114	129	172	271	195	144
D153_8	8	86	147	129	190	274	195	146
D153_8	8	-9	-9	-9	-9	-9	-9	-9
D153_8	8	-9	-9	-9	-9	-9	-9	-9
D153_8	8	-9	-9	-9	-9	-9	-9	-9
D153_8	8	-9	-9	-9	-9	-9	-9	-9
D154_8	8	78	-9	129	176	-9	195	144
D154_8	8	86	-9	161	186	-9	198	144
D154_8	8	-9	-9	-9	-9	-9	-9	-9
D154_8	8	-9	-9	-9	-9	-9	-9	-9
D154_8	8	-9	-9	-9	-9	-9	-9	-9
D154_8	8	-9	-9	-9	-9	-9	-9	-9
D155_8	8	80	-9	129	166	-9	195	144
D155_8	8	80	-9	129	168	-9	198	144
D155_8	8	-9	-9	-9	-9	-9	-9	-9
D155_8	8	-9	-9	-9	-9	-9	-9	-9
D155_8	8	-9	-9	-9	-9	-9	-9	-9
D155_8	8	-9	-9	-9	-9	-9	-9	-9
D156_8	8	84	-9	153	172	-9	195	142
D156_8	8	86	-9	157	176	-9	198	146
D156_8	8	-9	-9	-9	-9	-9	-9	-9
D156_8	8	-9	-9	-9	-9	-9	-9	-9
D156_8	8	-9	-9	-9	-9	-9	-9	-9
D156_8	8	-9	-9	-9	-9	-9	-9	-9
D157_8	8	82	-9	129	-9	-9	-9	-9
D157_8	8	86	-9	129	-9	-9	-9	-9
D157_8	8	-9	-9	-9	-9	-9	-9	-9
D157_8	8	-9	-9	-9	-9	-9	-9	-9
D157_8	8	-9	-9	-9	-9	-9	-9	-9
D157_8	8	-9	-9	-9	-9	-9	-9	-9
D158_8	8	80	-9	129	172	292	195	142
D158_8	8	86	-9	157	176	292	198	144
D158_8	8	-9	-9	-9	-9	-9	-9	-9
D158_8	8	-9	-9	-9	-9	-9	-9	-9
D158_8	8	-9	-9	-9	-9	-9	-9	-9
D158_8	8	-9	-9	-9	-9	-9	-9	-9
D159_8	8	78	-9	129	-9	-9	195	142
D159_8	8	82	-9	157	-9	-9	204	144
D159_8	8	-9	-9	-9	-9	-9	-9	-9
D159_8	8	-9	-9	-9	-9	-9	-9	-9
D159_8	8	-9	-9	-9	-9	-9	-9	-9
D159_8	8	-9	-9	-9	-9	-9	-9	-9
D160_8	8	80	-9	129	176	-9	195	144
D160_8	8	82	-9	161	186	-9	195	144
D160_8	8	-9	-9	-9	-9	-9	-9	-9
D160_8	8	-9	-9	-9	-9	-9	-9	-9
D160_8	8	-9	-9	-9	-9	-9	-9	-9
D160_8	8	-9	-9	-9	-9	-9	-9	-9
D161_8	8	78	-9	129	-9	-9	-9	142
D161_8	8	82	-9	153	-9	-9	-9	144
D161_8	8	-9	-9	-9	-9	-9	-9	-9
D161_8	8	-9	-9	-9	-9	-9	-9	-9
D161_8	8	-9	-9	-9	-9	-9	-9	-9
D161_8	8	-9	-9	-9	-9	-9	-9	-9
D162_9	9	80	114	129	186	256	198	140
D162_9	9	80	132	129	186	274	198	146
D162_9	9	-9	-9	-9	-9	-9	-9	-9
D162_9	9	-9	-9	-9	-9	-9	-9	-9
D162_9	9	-9	-9	-9	-9	-9	-9	-9
D162_9	9	-9	-9	-9	-9	-9	-9	-9
D163_9	9	78	126	129	174	274	195	146
D163_9	9	88	129	165	188	286	198	146
D163_9	9	-9	-9	-9	-9	-9	-9	-9
D163_9	9	-9	-9	-9	-9	-9	-9	-9
D163_9	9	-9	-9	-9	-9	-9	-9	-9
D163_9	9	-9	-9	-9	-9	-9	-9	-9
D164_9	9	86	93	129	184	274	198	144
D164_9	9	88	129	165	188	277	204	146
D164_9	9	-9	-9	-9	-9	-9	-9	-9
D164_9	9	-9	-9	-9	-9	-9	-9	-9
D164_9	9	-9	-9	-9	-9	-9	-9	-9
D164_9	9	-9	-9	-9	-9	-9	-9	-9
D165_9	9	78	93	129	168	271	195	142
D165_9	9	86	126	129	180	271	198	144
D165_9	9	-9	-9	-9	-9	-9	-9	-9
D165_9	9	-9	-9	-9	-9	-9	-9	-9
D165_9	9	-9	-9	-9	-9	-9	-9	-9
D165_9	9	-9	-9	-9	-9	-9	-9	-9
D166_9	9	78	126	129	182	271	198	144
D166_9	9	84	129	129	182	292	198	144
D166_9	9	-9	-9	-9	-9	-9	-9	-9
D166_9	9	-9	-9	-9	-9	-9	-9	-9
D166_9	9	-9	-9	-9	-9	-9	-9	-9
D166_9	9	-9	-9	-9	-9	-9	-9	-9
D167_9	9	86	93	129	186	271	195	144
D167_9	9	86	126	129	188	274	198	144
D167_9	9	-9	-9	-9	-9	-9	-9	-9
D167_9	9	-9	-9	-9	-9	-9	-9	-9
D167_9	9	-9	-9	-9	-9	-9	-9	-9
D167_9	9	-9	-9	-9	-9	-9	-9	-9
D168_9	9	76	120	129	178	271	198	144
D168_9	9	82	129	129	188	277	198	144
D168_9	9	-9	-9	-9	-9	-9	-9	-9
D168_9	9	-9	-9	-9	-9	-9	-9	-9
D168_9	9	-9	-9	-9	-9	-9	-9	-9
D168_9	9	-9	-9	-9	-9	-9	-9	-9
D169_9	9	82	93	129	186	274	195	144
D169_9	9	86	126	129	196	298	198	144
D169_9	9	-9	-9	-9	-9	-9	-9	-9
D169_9	9	-9	-9	-9	-9	-9	-9	-9
D169_9	9	-9	-9	-9	-9	-9	-9	-9
D169_9	9	-9	-9	-9	-9	-9	-9	-9
D170_9	9	82	120	129	188	274	198	144
D170_9	9	82	126	129	196	277	198	144
D170_9	9	-9	-9	-9	-9	-9	-9	-9
D170_9	9	-9	-9	-9	-9	-9	-9	-9
D170_9	9	-9	-9	-9	-9	-9	-9	-9
D170_9	9	-9	-9	-9	-9	-9	-9	-9
D171_9	9	82	114	129	184	271	195	142
D171_9	9	86	129	165	188	295	198	144
D171_9	9	-9	-9	-9	-9	-9	-9	-9
D171_9	9	-9	-9	-9	-9	-9	-9	-9
D171_9	9	-9	-9	-9	-9	-9	-9	-9
D171_9	9	-9	-9	-9	-9	-9	-9	-9
D172_9	9	78	126	129	170	292	198	144
D172_9	9	80	129	157	196	292	198	146
D172_9	9	-9	-9	-9	-9	-9	-9	-9
D172_9	9	-9	-9	-9	-9	-9	-9	-9
D172_9	9	-9	-9	-9	-9	-9	-9	-9
D172_9	9	-9	-9	-9	-9	-9	-9	-9
D173_9	9	76	120	129	186	286	198	144
D173_9	9	88	132	129	188	286	198	144
D173_9	9	-9	-9	-9	-9	-9	-9	-9
D173_9	9	-9	-9	-9	-9	-9	-9	-9
D173_9	9	-9	-9	-9	-9	-9	-9	-9
D173_9	9	-9	-9	-9	-9	-9	-9	-9
D174_9	9	86	126	129	178	298	198	144
D174_9	9	86	129	157	188	298	198	144
D174_9	9	-9	-9	-9	-9	-9	-9	-9
D174_9	9	-9	-9	-9	-9	-9	-9	-9
D174_9	9	-9	-9	-9	-9	-9	-9	-9
D174_9	9	-9	-9	-9	-9	-9	-9	-9
D175_9	9	78	129	129	170	274	195	144
D175_9	9	84	129	157	182	274	198	144
D175_9	9	-9	-9	-9	-9	-9	-9	-9
D175_9	9	-9	-9	-9	-9	-9	-9	-9
D175_9	9	-9	-9	-9	-9	-9	-9	-9
D175_9	9	-9	-9	-9	-9	-9	-9	-9
D176_9	9	78	117	129	170	274	195	144
D176_9	9	84	126	153	194	274	198	144
D176_9	9	-9	-9	-9	-9	-9	-9	-9
D176_9	9	-9	-9	-9	-9	-9	-9	-9
D176_9	9	-9	-9	-9	-9	-9	-9	-9
D176_9	9	-9	-9	-9	-9	-9	-9	-9
D177_9	9	78	126	129	194	274	195	144
D177_9	9	82	126	157	198	274	198	144
D177_9	9	-9	-9	-9	-9	-9	-9	-9
D177_9	9	-9	-9	-9	-9	-9	-9	-9
D177_9	9	-9	-9	-9	-9	-9	-9	-9
D177_9	9	-9	-9	-9	-9	-9	-9	-9
D178_9	9	82	126	129	172	274	198	144
D178_9	9	86	129	129	172	277	201	146
D178_9	9	-9	-9	-9	-9	-9	-9	-9
D178_9	9	-9	-9	-9	-9	-9	-9	-9
D178_9	9	-9	-9	-9	-9	-9	-9	-9
D178_9	9	-9	-9	-9	-9	-9	-9	-9
D179_9	9	86	93	129	188	256	195	144
D179_9	9	88	126	153	190	277	198	144
D179_9	9	-9	-9	-9	-9	-9	-9	-9
D179_9	9	-9	-9	-9	-9	-9	-9	-9
D179_9	9	-9	-9	-9	-9	-9	-9	-9
D179_9	9	-9	-9	-9	-9	-9	-9	-9
D180_9	9	80	126	129	176	274	195	144
D180_9	9	82	129	157	188	274	198	144
D180_9	9	-9	-9	-9	-9	-9	-9	-9
D180_9	9	-9	-9	-9	-9	-9	-9	-9
D180_9	9	-9	-9	-9	-9	-9	-9	-9
D180_9	9	-9	-9	-9	-9	-9	-9	-9
D181_9	9	76	126	157	188	274	195	144
D181_9	9	82	129	161	196	292	198	144
D181_9	9	-9	-9	-9	-9	-9	-9	-9
D181_9	9	-9	-9	-9	-9	-9	-9	-9
D181_9	9	-9	-9	-9	-9	-9	-9	-9
D181_9	9	-9	-9	-9	-9	-9	-9	-9
D182_9	9	76	126	129	182	274	195	144
D182_9	9	86	129	129	184	277	198	144
D182_9	9	-9	-9	-9	-9	-9	-9	-9
D182_9	9	-9	-9	-9	-9	-9	-9	-9
D182_9	9	-9	-9	-9	-9	-9	-9	-9
D182_9	9	-9	-9	-9	-9	-9	-9	-9
D183_9	9	82	93	129	184	277	195	144
D183_9	9	86	117	129	186	295	198	144
D183_9	9	-9	-9	-9	-9	-9	-9	-9
D183_9	9	-9	-9	-9	-9	-9	-9	-9
D183_9	9	-9	-9	-9	-9	-9	-9	-9
D183_9	9	-9	-9	-9	-9	-9	-9	-9
D184_9	9	84	129	129	198	274	195	144
D184_9	9	86	129	161	200	274	198	144
D184_9	9	-9	-9	-9	-9	-9	-9	-9
D184_9	9	-9	-9	-9	-9	-9	-9	-9
D184_9	9	-9	-9	-9	-9	-9	-9	-9
D184_9	9	-9	-9	-9	-9	-9	-9	-9
D185_9	9	80	126	129	168	271	198	142
D185_9	9	86	126	129	176	271	201	144
D185_9	9	-9	-9	-9	-9	-9	-9	-9
D185_9	9	-9	-9	-9	-9	-9	-9	-9
D185_9	9	-9	-9	-9	-9	-9	-9	-9
D185_9	9	-9	-9	-9	-9	-9	-9	-9
D253_13	13	86	153	153	178	286	195	144
D253_13	13	86	162	153	182	289	198	146
D253_13	13	-9	-9	-9	-9	-9	-9	-9
D253_13	13	-9	-9	-9	-9	-9	-9	-9
D253_13	13	-9	-9	-9	-9	-9	-9	-9
D253_13	13	-9	-9	-9	-9	-9	-9	-9
D254_13	13	80	102	129	182	274	195	142
D254_13	13	86	114	157	184	274	195	144
D254_13	13	-9	-9	-9	-9	-9	-9	-9
D254_13	13	-9	-9	-9	-9	-9	-9	-9
D254_13	13	-9	-9	-9	-9	-9	-9	-9
D254_13	13	-9	-9	-9	-9	-9	-9	-9
D255_13	13	80	123	121	172	274	195	144
D255_13	13	86	126	129	176	277	195	144
D255_13	13	-9	-9	-9	-9	-9	-9	-9
D255_13	13	-9	-9	-9	-9	-9	-9	-9
D255_13	13	-9	-9	-9	-9	-9	-9	-9
D255_13	13	-9	-9	-9	-9	-9	-9	-9
D256_13	13	86	105	129	170	274	195	144
D256_13	13	88	129	129	170	274	198	144
D256_13	13	-9	-9	-9	-9	-9	-9	-9
D256_13	13	-9	-9	-9	-9	-9	-9	-9
D256_13	13	-9	-9	-9	-9	-9	-9	-9
D256_13	13	-9	-9	-9	-9	-9	-9	-9
D257_13	13	80	102	129	188	-9	195	-9
D257_13	13	86	126	157	188	-9	195	-9
D257_13	13	-9	-9	-9	-9	-9	-9	-9
D257_13	13	-9	-9	-9	-9	-9	-9	-9
D257_13	13	-9	-9	-9	-9	-9	-9	-9
D257_13	13	-9	-9	-9	-9	-9	-9	-9
D258_13	13	80	129	121	184	-9	195	144
D258_13	13	80	129	153	190	-9	198	144
D258_13	13	-9	-9	-9	-9	-9	-9	-9
D258_13	13	-9	-9	-9	-9	-9	-9	-9
D258_13	13	-9	-9	-9	-9	-9	-9	-9
D258_13	13	-9	-9	-9	-9	-9	-9	-9
D259_13	13	86	102	129	178	-9	195	144
D259_13	13	86	102	165	180	-9	198	144
D259_13	13	-9	-9	-9	-9	-9	-9	-9
D259_13	13	-9	-9	-9	-9	-9	-9	-9
D259_13	13	-9	-9	-9	-9	-9	-9	-9
D259_13	13	-9	-9	-9	-9	-9	-9	-9
D260_13	13	84	96	129	182	277	195	144
D260_13	13	86	123	157	182	286	198	144
D260_13	13	-9	-9	-9	-9	-9	-9	-9
D260_13	13	-9	-9	-9	-9	-9	-9	-9
D260_13	13	-9	-9	-9	-9	-9	-9	-9
D260_13	13	-9	-9	-9	-9	-9	-9	-9
D261_13	13	80	126	129	172	-9	195	142
D261_13	13	86	126	161	186	-9	198	144
D261_13	13	-9	-9	-9	-9	-9	-9	-9
D261_13	13	-9	-9	-9	-9	-9	-9	-9
D261_13	13	-9	-9	-9	-9	-9	-9	-9
D261_13	13	-9	-9	-9	-9	-9	-9	-9
D262_13	13	80	126	129	170	-9	195	144
D262_13	13	86	129	129	182	-9	198	146
D262_13	13	-9	-9	-9	-9	-9	-9	-9
D262_13	13	-9	-9	-9	-9	-9	-9	-9
D262_13	13	-9	-9	-9	-9	-9	-9	-9
D262_13	13	-9	-9	-9	-9	-9	-9	-9
D263_13	13	80	129	129	186	265	195	144
D263_13	13	86	165	153	200	271	195	144
D263_13	13	-9	-9	-9	-9	-9	-9	-9
D263_13	13	-9	-9	-9	-9	-9	-9	-9
D263_13	13	-9	-9	-9	-9	-9	-9	-9
D263_13	13	-9	-9	-9	-9	-9	-9	-9
D264_13	13	82	93	129	192	274	195	142
D264_13	13	86	93	153	192	277	195	144
D264_13	13	-9	-9	-9	-9	-9	-9	-9
D264_13	13	-9	-9	-9	-9	-9	-9	-9
D264_13	13	-9	-9	-9	-9	-9	-9	-9
D264_13	13	-9	-9	-9	-9	-9	-9	-9
D265_13	13	80	126	129	188	271	195	144
D265_13	13	82	126	165	190	277	198	144
D265_13	13	-9	-9	-9	-9	-9	-9	-9
D265_13	13	-9	-9	-9	-9	-9	-9	-9
D265_13	13	-9	-9	-9	-9	-9	-9	-9
D265_13	13	-9	-9	-9	-9	-9	-9	-9
D266_13	13	82	126	129	178	274	195	144
D266_13	13	88	165	153	186	286	195	144
D266_13	13	-9	-9	-9	-9	-9	-9	-9
D266_13	13	-9	-9	-9	-9	-9	-9	-9
D266_13	13	-9	-9	-9	-9	-9	-9	-9
D266_13	13	-9	-9	-9	-9	-9	-9	-9
D267_13	13	80	126	129	174	274	195	144
D267_13	13	86	129	153	186	295	198	144
D267_13	13	-9	-9	-9	-9	-9	-9	-9
D267_13	13	-9	-9	-9	-9	-9	-9	-9
D267_13	13	-9	-9	-9	-9	-9	-9	-9
D267_13	13	-9	-9	-9	-9	-9	-9	-9
D268_13	13	80	126	153	172	277	195	144
D268_13	13	86	129	153	180	286	198	144
D268_13	13	-9	-9	-9	-9	-9	-9	-9
D268_13	13	-9	-9	-9	-9	-9	-9	-9
D268_13	13	-9	-9	-9	-9	-9	-9	-9
D268_13	13	-9	-9	-9	-9	-9	-9	-9
D269_13	13	80	126	121	188	277	195	144
D269_13	13	86	126	153	188	277	198	144
D269_13	13	-9	-9	-9	-9	-9	-9	-9
D269_13	13	-9	-9	-9	-9	-9	-9	-9
D269_13	13	-9	-9	-9	-9	-9	-9	-9
D269_13	13	-9	-9	-9	-9	-9	-9	-9
D270_13	13	86	126	153	180	268	195	144
D270_13	13	86	153	153	182	268	198	144
D270_13	13	-9	-9	-9	-9	-9	-9	-9
D270_13	13	-9	-9	-9	-9	-9	-9	-9
D270_13	13	-9	-9	-9	-9	-9	-9	-9
D270_13	13	-9	-9	-9	-9	-9	-9	-9
D271_13	13	86	126	153	180	277	195	144
D271_13	13	86	165	153	180	286	198	144
D271_13	13	-9	-9	-9	-9	-9	-9	-9
D271_13	13	-9	-9	-9	-9	-9	-9	-9
D271_13	13	-9	-9	-9	-9	-9	-9	-9
D271_13	13	-9	-9	-9	-9	-9	-9	-9
D272_13	13	86	120	129	170	274	195	144
D272_13	13	86	165	129	174	286	198	144
D272_13	13	-9	-9	-9	-9	-9	-9	-9
D272_13	13	-9	-9	-9	-9	-9	-9	-9
D272_13	13	-9	-9	-9	-9	-9	-9	-9
D272_13	13	-9	-9	-9	-9	-9	-9	-9
D273_13	13	86	126	129	172	274	195	144
D273_13	13	86	126	129	172	286	198	144
D273_13	13	-9	-9	-9	-9	-9	-9	-9
D273_13	13	-9	-9	-9	-9	-9	-9	-9
D273_13	13	-9	-9	-9	-9	-9	-9	-9
D273_13	13	-9	-9	-9	-9	-9	-9	-9
D274_13	13	80	123	129	170	268	195	142
D274_13	13	86	126	157	188	271	198	144
D274_13	13	-9	-9	-9	-9	-9	-9	-9
D274_13	13	-9	-9	-9	-9	-9	-9	-9
D274_13	13	-9	-9	-9	-9	-9	-9	-9
D274_13	13	-9	-9	-9	-9	-9	-9	-9
D275_13	13	86	126	129	198	271	195	144
D275_13	13	86	126	153	198	277	204	144
D275_13	13	-9	-9	-9	-9	-9	-9	-9
D275_13	13	-9	-9	-9	-9	-9	-9	-9
D275_13	13	-9	-9	-9	-9	-9	-9	-9
D275_13	13	-9	-9	-9	-9	-9	-9	-9
D276_13	13	78	114	153	170	277	195	142
D276_13	13	86	126	165	188	277	198	144
D276_13	13	-9	-9	-9	-9	-9	-9	-9
D276_13	13	-9	-9	-9	-9	-9	-9	-9
D276_13	13	-9	-9	-9	-9	-9	-9	-9
D276_13	13	-9	-9	-9	-9	-9	-9	-9
D277_13	13	80	126	129	184	274	195	142
D277_13	13	80	138	161	194	274	198	144
D277_13	13	-9	-9	-9	-9	-9	-9	-9
D277_13	13	-9	-9	-9	-9	-9	-9	-9
D277_13	13	-9	-9	-9	-9	-9	-9	-9
D277_13	13	-9	-9	-9	-9	-9	-9	-9
D285_15	15	84	114	157	174	271	195	142
D285_15	15	88	120	165	174	274	198	144
D285_15	15	-9	-9	-9	-9	-9	-9	-9
D285_15	15	-9	-9	-9	-9	-9	-9	-9
D285_15	15	-9	-9	-9	-9	-9	-9	-9
D285_15	15	-9	-9	-9	-9	-9	-9	-9
D286_15	15	82	93	157	190	271	195	142
D286_15	15	86	93	165	190	277	198	142
D286_15	15	-9	-9	-9	-9	-9	-9	-9
D286_15	15	-9	-9	-9	-9	-9	-9	-9
D286_15	15	-9	-9	-9	-9	-9	-9	-9
D286_15	15	-9	-9	-9	-9	-9	-9	-9
D287_15	15	82	132	129	176	256	195	142
D287_15	15	82	132	165	176	274	198	142
D287_15	15	-9	-9	-9	-9	-9	-9	-9
D287_15	15	-9	-9	-9	-9	-9	-9	-9
D287_15	15	-9	-9	-9	-9	-9	-9	-9
D287_15	15	-9	-9	-9	-9	-9	-9	-9
D288_15	15	82	132	153	174	256	195	142
D288_15	15	86	132	153	176	274	198	146
D288_15	15	-9	-9	-9	-9	-9	-9	-9
D288_15	15	-9	-9	-9	-9	-9	-9	-9
D288_15	15	-9	-9	-9	-9	-9	-9	-9
D288_15	15	-9	-9	-9	-9	-9	-9	-9
D289_15	15	78	147	157	176	274	195	144
D289_15	15	82	147	157	180	289	198	146
D289_15	15	-9	-9	-9	-9	-9	-9	-9
D289_15	15	-9	-9	-9	-9	-9	-9	-9
D289_15	15	-9	-9	-9	-9	-9	-9	-9
D289_15	15	-9	-9	-9	-9	-9	-9	-9
D290_15	15	78	114	129	176	274	195	146
D290_15	15	82	129	157	176	274	198	146
D290_15	15	-9	-9	-9	-9	-9	-9	-9
D290_15	15	-9	-9	-9	-9	-9	-9	-9
D290_15	15	-9	-9	-9	-9	-9	-9	-9
D290_15	15	-9	-9	-9	-9	-9	-9	-9
D291_15	15	84	114	129	176	271	195	142
D291_15	15	86	126	157	180	295	198	144
D291_15	15	-9	-9	-9	-9	-9	-9	-9
D291_15	15	-9	-9	-9	-9	-9	-9	-9
D291_15	15	-9	-9	-9	-9	-9	-9	-9
D291_15	15	-9	-9	-9	-9	-9	-9	-9
D292_15	15	78	123	153	180	274	195	144
D292_15	15	86	126	165	180	295	198	146
D292_15	15	-9	-9	-9	-9	-9	-9	-9
D292_15	15	-9	-9	-9	-9	-9	-9	-9
D292_15	15	-9	-9	-9	-9	-9	-9	-9
D292_15	15	-9	-9	-9	-9	-9	-9	-9
D293_15	15	82	96	129	176	286	195	142
D293_15	15	82	129	157	180	295	198	144
D293_15	15	-9	-9	-9	-9	-9	-9	-9
D293_15	15	-9	-9	-9	-9	-9	-9	-9
D293_15	15	-9	-9	-9	-9	-9	-9	-9
D293_15	15	-9	-9	-9	-9	-9	-9	-9
D294_15	15	84	120	157	176	271	195	142
D294_15	15	86	147	165	176	289	198	146
D294_15	15	-9	-9	-9	-9	-9	-9	-9
D294_15	15	-9	-9	-9	-9	-9	-9	-9
D294_15	15	-9	-9	-9	-9	-9	-9	-9
D294_15	15	-9	-9	-9	-9	-9	-9	-9
D295_15	15	82	96	153	174	271	195	144
D295_15	15	82	129	157	176	274	198	144
D295_15	15	-9	-9	-9	-9	-9	-9	-9
D295_15	15	-9	-9	-9	-9	-9	-9	-9
D295_15	15	-9	-9	-9	-9	-9	-9	-9
D295_15	15	-9	-9	-9	-9	-9	-9	-9
D296_15	15	82	93	153	180	256	198	142
D296_15	15	82	129	157	180	274	204	142
D296_15	15	-9	-9	-9	-9	-9	-9	-9
D296_15	15	-9	-9	-9	-9	-9	-9	-9
D296_15	15	-9	-9	-9	-9	-9	-9	-9
D296_15	15	-9	-9	-9	-9	-9	-9	-9
D297_15	15	78	123	129	174	277	195	142
D297_15	15	86	129	129	174	289	198	142
D297_15	15	-9	-9	-9	-9	-9	-9	-9
D297_15	15	-9	-9	-9	-9	-9	-9	-9
D297_15	15	-9	-9	-9	-9	-9	-9	-9
D297_15	15	-9	-9	-9	-9	-9	-9	-9
D298_15	15	82	129	129	176	274	198	142
D298_15	15	82	147	157	180	289	204	142
D298_15	15	-9	-9	-9	-9	-9	-9	-9
D298_15	15	-9	-9	-9	-9	-9	-9	-9
D298_15	15	-9	-9	-9	-9	-9	-9	-9
D298_15	15	-9	-9	-9	-9	-9	-9	-9
D299_15	15	82	129	165	176	271	195	142
D299_15	15	86	129	165	188	271	198	142
D299_15	15	-9	-9	-9	-9	-9	-9	-9
D299_15	15	-9	-9	-9	-9	-9	-9	-9
D299_15	15	-9	-9	-9	-9	-9	-9	-9
D299_15	15	-9	-9	-9	-9	-9	-9	-9
D300_15	15	78	123	157	174	274	195	144
D300_15	15	86	123	165	174	289	198	144
D300_15	15	-9	-9	-9	-9	-9	-9	-9
D300_15	15	-9	-9	-9	-9	-9	-9	-9
D300_15	15	-9	-9	-9	-9	-9	-9	-9
D300_15	15	-9	-9	-9	-9	-9	-9	-9
D301_15	15	78	123	165	182	274	195	142
D301_15	15	86	126	165	182	292	198	144
D301_15	15	-9	-9	-9	-9	-9	-9	-9
D301_15	15	-9	-9	-9	-9	-9	-9	-9
D301_15	15	-9	-9	-9	-9	-9	-9	-9
D301_15	15	-9	-9	-9	-9	-9	-9	-9
D302_15	15	84	114	153	176	271	198	142
D302_15	15	84	129	157	176	289	204	146
D302_15	15	-9	-9	-9	-9	-9	-9	-9
D302_15	15	-9	-9	-9	-9	-9	-9	-9
D302_15	15	-9	-9	-9	-9	-9	-9	-9
D302_15	15	-9	-9	-9	-9	-9	-9	-9
D303_15	15	78	120	129	176	274	195	142
D303_15	15	82	123	165	176	289	198	144
D303_15	15	-9	-9	-9	-9	-9	-9	-9
D303_15	15	-9	-9	-9	-9	-9	-9	-9
D303_15	15	-9	-9	-9	-9	-9	-9	-9
D303_15	15	-9	-9	-9	-9	-9	-9	-9
D304_15	15	78	126	153	180	271	198	142
D304_15	15	86	147	165	180	274	204	142
D304_15	15	-9	-9	-9	-9	-9	-9	-9
D304_15	15	-9	-9	-9	-9	-9	-9	-9
D304_15	15	-9	-9	-9	-9	-9	-9	-9
D304_15	15	-9	-9	-9	-9	-9	-9	-9
D305_15	15	78	96	129	176	271	195	142
D305_15	15	80	147	129	180	289	198	144
D305_15	15	-9	-9	-9	-9	-9	-9	-9
D305_15	15	-9	-9	-9	-9	-9	-9	-9
D305_15	15	-9	-9	-9	-9	-9	-9	-9
D305_15	15	-9	-9	-9	-9	-9	-9	-9
D306_15	15	84	120	153	176	274	198	142
D306_15	15	86	120	157	176	274	204	146
D306_15	15	-9	-9	-9	-9	-9	-9	-9
D306_15	15	-9	-9	-9	-9	-9	-9	-9
D306_15	15	-9	-9	-9	-9	-9	-9	-9
D306_15	15	-9	-9	-9	-9	-9	-9	-9
D307_15	15	84	129	129	174	274	195	144
D307_15	15	86	129	153	176	295	198	144
D307_15	15	-9	-9	-9	-9	-9	-9	-9
D307_15	15	-9	-9	-9	-9	-9	-9	-9
D307_15	15	-9	-9	-9	-9	-9	-9	-9
D307_15	15	-9	-9	-9	-9	-9	-9	-9
D308_15	15	82	129	129	178	274	195	142
D308_15	15	86	129	129	180	286	198	146
D308_15	15	-9	-9	-9	-9	-9	-9	-9
D308_15	15	-9	-9	-9	-9	-9	-9	-9
D308_15	15	-9	-9	-9	-9	-9	-9	-9
D308_15	15	-9	-9	-9	-9	-9	-9	-9
D309_15	15	76	96	129	170	289	195	144
D309_15	15	82	96	165	182	289	198	144
D309_15	15	-9	-9	-9	-9	-9	-9	-9
D309_15	15	-9	-9	-9	-9	-9	-9	-9
D309_15	15	-9	-9	-9	-9	-9	-9	-9
D309_15	15	-9	-9	-9	-9	-9	-9	-9
D310_16	16	84	93	157	174	274	195	144
D310_16	16	86	120	165	192	295	198	144
D310_16	16	-9	-9	-9	-9	-9	-9	-9
D310_16	16	-9	-9	-9	-9	-9	-9	-9
D310_16	16	-9	-9	-9	-9	-9	-9	-9
D310_16	16	-9	-9	-9	-9	-9	-9	-9
D311_16	16	78	129	153	170	274	195	144
D311_16	16	86	132	157	190	274	198	144
D311_16	16	-9	-9	-9	-9	-9	-9	-9
D311_16	16	-9	-9	-9	-9	-9	-9	-9
D311_16	16	-9	-9	-9	-9	-9	-9	-9
D311_16	16	-9	-9	-9	-9	-9	-9	-9
D312_16	16	76	120	157	192	277	198	144
D312_16	16	84	132	157	194	286	204	144
D312_16	16	-9	-9	-9	-9	-9	-9	-9
D312_16	16	-9	-9	-9	-9	-9	-9	-9
D312_16	16	-9	-9	-9	-9	-9	-9	-9
D312_16	16	-9	-9	-9	-9	-9	-9	-9
D313_16	16	76	120	129	174	274	195	144
D313_16	16	80	120	153	178	274	198	144
D313_16	16	-9	-9	-9	-9	-9	-9	-9
D313_16	16	-9	-9	-9	-9	-9	-9	-9
D313_16	16	-9	-9	-9	-9	-9	-9	-9
D313_16	16	-9	-9	-9	-9	-9	-9	-9
D314_16	16	78	123	129	182	277	195	142
D314_16	16	80	126	153	182	292	198	142
D314_16	16	-9	-9	-9	-9	-9	-9	-9
D314_16	16	-9	-9	-9	-9	-9	-9	-9
D314_16	16	-9	-9	-9	-9	-9	-9	-9
D314_16	16	-9	-9	-9	-9	-9	-9	-9
D315_16	16	84	114	129	174	292	195	142
D315_16	16	84	129	129	174	292	198	144
D315_16	16	-9	-9	-9	-9	-9	-9	-9
D315_16	16	-9	-9	-9	-9	-9	-9	-9
D315_16	16	-9	-9	-9	-9	-9	-9	-9
D315_16	16	-9	-9	-9	-9	-9	-9	-9
D316_16	16	78	114	129	176	274	195	142
D316_16	16	84	123	129	176	274	198	144
D316_16	16	-9	-9	-9	-9	-9	-9	-9
D316_16	16	-9	-9	-9	-9	-9	-9	-9
D316_16	16	-9	-9	-9	-9	-9	-9	-9
D316_16	16	-9	-9	-9	-9	-9	-9	-9
D317_16	16	80	123	129	180	274	198	144
D317_16	16	84	147	129	192	286	204	144
D317_16	16	-9	-9	-9	-9	-9	-9	-9
D317_16	16	-9	-9	-9	-9	-9	-9	-9
D317_16	16	-9	-9	-9	-9	-9	-9	-9
D317_16	16	-9	-9	-9	-9	-9	-9	-9
D318_16	16	76	123	129	182	271	198	144
D318_16	16	86	129	157	200	274	204	144
D318_16	16	-9	-9	-9	-9	-9	-9	-9
D318_16	16	-9	-9	-9	-9	-9	-9	-9
D318_16	16	-9	-9	-9	-9	-9	-9	-9
D318_16	16	-9	-9	-9	-9	-9	-9	-9
D319_16	16	84	129	153	178	274	195	144
D319_16	16	84	132	157	182	274	198	144
D319_16	16	-9	-9	-9	-9	-9	-9	-9
D319_16	16	-9	-9	-9	-9	-9	-9	-9
D319_16	16	-9	-9	-9	-9	-9	-9	-9
D319_16	16	-9	-9	-9	-9	-9	-9	-9
D320_16	16	84	114	157	176	274	198	142
D320_16	16	84	132	157	182	274	204	144
D320_16	16	-9	-9	-9	-9	-9	-9	-9
D320_16	16	-9	-9	-9	-9	-9	-9	-9
D320_16	16	-9	-9	-9	-9	-9	-9	-9
D320_16	16	-9	-9	-9	-9	-9	-9	-9
D321_16	16	78	120	129	178	277	195	144
D321_16	16	78	123	129	194	277	198	144
D321_16	16	-9	-9	-9	-9	-9	-9	-9
D321_16	16	-9	-9	-9	-9	-9	-9	-9
D321_16	16	-9	-9	-9	-9	-9	-9	-9
D321_16	16	-9	-9	-9	-9	-9	-9	-9
D322_16	16	84	114	153	178	277	198	144
D322_16	16	84	114	157	202	277	204	144
D322_16	16	-9	-9	-9	-9	-9	-9	-9
D322_16	16	-9	-9	-9	-9	-9	-9	-9
D322_16	16	-9	-9	-9	-9	-9	-9	-9
D322_16	16	-9	-9	-9	-9	-9	-9	-9
D323_16	16	84	132	129	178	271	195	142
D323_16	16	86	132	153	182	286	198	142
D323_16	16	-9	-9	-9	-9	-9	-9	-9
D323_16	16	-9	-9	-9	-9	-9	-9	-9
D323_16	16	-9	-9	-9	-9	-9	-9	-9
D323_16	16	-9	-9	-9	-9	-9	-9	-9
D324_16	16	84	114	157	178	274	195	144
D324_16	16	86	126	157	190	277	198	144
D324_16	16	-9	-9	-9	-9	-9	-9	-9
D324_16	16	-9	-9	-9	-9	-9	-9	-9
D324_16	16	-9	-9	-9	-9	-9	-9	-9
D324_16	16	-9	-9	-9	-9	-9	-9	-9
D325_16	16	82	93	129	182	268	195	144
D325_16	16	86	132	157	182	286	198	144
D325_16	16	-9	-9	-9	-9	-9	-9	-9
D325_16	16	-9	-9	-9	-9	-9	-9	-9
D325_16	16	-9	-9	-9	-9	-9	-9	-9
D325_16	16	-9	-9	-9	-9	-9	-9	-9
D326_16	16	82	129	129	178	256	198	144
D326_16	16	86	132	153	186	256	201	144
D326_16	16	-9	-9	-9	-9	-9	-9	-9
D326_16	16	-9	-9	-9	-9	-9	-9	-9
D326_16	16	-9	-9	-9	-9	-9	-9	-9
D326_16	16	-9	-9	-9	-9	-9	-9	-9
D327_16	16	78	123	129	176	274	195	142
D327_16	16	82	129	129	176	277	198	144
D327_16	16	-9	-9	-9	-9	-9	-9	-9
D327_16	16	-9	-9	-9	-9	-9	-9	-9
D327_16	16	-9	-9	-9	-9	-9	-9	-9
D327_16	16	-9	-9	-9	-9	-9	-9	-9
D328_16	16	84	114	141	176	274	195	144
D328_16	16	84	132	165	186	274	198	146
D328_16	16	-9	-9	-9	-9	-9	-9	-9
D328_16	16	-9	-9	-9	-9	-9	-9	-9
D328_16	16	-9	-9	-9	-9	-9	-9	-9
D328_16	16	-9	-9	-9	-9	-9	-9	-9
D329_16	16	86	123	129	192	271	195	142
D329_16	16	86	129	157	196	271	198	144
D329_16	16	-9	-9	-9	-9	-9	-9	-9
D329_16	16	-9	-9	-9	-9	-9	-9	-9
D329_16	16	-9	-9	-9	-9	-9	-9	-9
D329_16	16	-9	-9	-9	-9	-9	-9	-9
D330_16	16	78	129	129	174	277	195	144
D330_16	16	82	132	153	190	289	198	144
D330_16	16	-9	-9	-9	-9	-9	-9	-9
D330_16	16	-9	-9	-9	-9	-9	-9	-9
D330_16	16	-9	-9	-9	-9	-9	-9	-9
D330_16	16	-9	-9	-9	-9	-9	-9	-9
D331_16	16	84	126	153	176	271	195	144
D331_16	16	84	132	157	178	274	198	144
D331_16	16	-9	-9	-9	-9	-9	-9	-9
D331_16	16	-9	-9	-9	-9	-9	-9	-9
D331_16	16	-9	-9	-9	-9	-9	-9	-9
D331_16	16	-9	-9	-9	-9	-9	-9	-9
D332_16	16	78	123	129	178	274	198	142
D332_16	16	78	132	153	178	277	204	146
D332_16	16	-9	-9	-9	-9	-9	-9	-9
D332_16	16	-9	-9	-9	-9	-9	-9	-9
D332_16	16	-9	-9	-9	-9	-9	-9	-9
D332_16	16	-9	-9	-9	-9	-9	-9	-9
D333_16	16	76	117	129	174	256	195	142
D333_16	16	78	117	157	176	274	198	144
D333_16	16	-9	-9	-9	-9	-9	-9	-9
D333_16	16	-9	-9	-9	-9	-9	-9	-9
D333_16	16	-9	-9	-9	-9	-9	-9	-9
D333_16	16	-9	-9	-9	-9	-9	-9	-9
D334_16	16	84	111	129	176	274	195	144
D334_16	16	86	132	153	188	277	198	144
D334_16	16	-9	-9	-9	-9	-9	-9	-9
D334_16	16	-9	-9	-9	-9	-9	-9	-9
D334_16	16	-9	-9	-9	-9	-9	-9	-9
D334_16	16	-9	-9	-9	-9	-9	-9	-9
H411_21	21	70	96	-9	158	-9	195	136
H411_21	21	80	111	-9	158	-9	198	138
H411_21	21	70	129	-9	158	-9	204	142
H411_21	21	70	153	-9	158	-9	207	148
H411_21	21	70	96	-9	158	-9	213	136
H411_21	21	70	96	-9	158	-9	195	136
H412_21	21	78	126	129	170	295	195	144
H412_21	21	82	129	153	172	295	198	146
H412_21	21	78	126	129	170	295	195	144
H412_21	21	78	126	129	170	295	195	144
H412_21	21	78	126	129	170	295	195	144
H412_21	21	78	126	129	170	295	195	144
H413_21	21	70	96	69	148	280	192	138
H413_21	21	72	117	69	156	283	198	140
H413_21	21	70	153	69	148	280	201	142
H413_21	21	70	96	69	148	280	204	146
H413_21	21	70	96	69	148	280	192	148
H413_21	21	70	96	69	148	280	192	138
H414_21	21	70	96	69	156	-9	195	136
H414_21	21	70	153	73	156	-9	198	142
H414_21	21	70	159	69	156	-9	201	146
H414_21	21	70	96	69	156	-9	204	136
H414_21	21	70	96	69	156	-9	210	136
H414_21	21	70	96	69	156	-9	213	136
H415_21	21	70	93	69	154	-9	198	136
H415_21	21	82	96	69	156	-9	204	142
H415_21	21	70	111	69	154	-9	207	146
H415_21	21	70	93	69	154	-9	198	136
H415_21	21	70	93	69	154	-9	198	136
H415_21	21	70	93	69	154	-9	198	136
H416_21	21	56	93	69	156	256	195	136
H416_21	21	72	96	85	158	283	198	140
H416_21	21	82	111	69	156	256	204	142
H416_21	21	98	117	69	156	256	207	146
H416_21	21	110	129	69	156	256	210	136
H416_21	21	56	159	69	156	256	213	136
H417_21	21	82	93	69	148	280	198	136
H417_21	21	92	96	73	156	280	204	142
H417_21	21	98	129	85	148	280	198	136
H417_21	21	82	153	69	148	280	198	136
H417_21	21	82	93	69	148	280	198	136
H417_21	21	82	93	69	148	280	198	136
H418_21	21	98	93	69	148	283	198	136
H418_21	21	106	96	73	156	283	204	138
H418_21	21	110	129	85	148	283	198	142
H418_21	21	98	156	69	148	283	198	146
H418_21	21	98	93	69	148	283	198	136
H418_21	21	98	93	69	148	283	198	136
H419_21	21	72	96	73	156	283	192	136
H419_21	21	82	117	73	158	283	198	138
H419_21	21	88	153	73	156	283	201	142
H419_21	21	92	96	73	156	283	204	146
H419_21	21	72	96	73	156	283	207	148
H419_21	21	72	96	73	156	283	192	136
H420_21	21	60	126	85	184	271	198	138
H420_21	21	74	135	129	184	274	201	146
H420_21	21	80	126	161	184	271	198	138
H420_21	21	60	126	85	184	271	198	138
H420_21	21	60	126	85	184	271	198	138
H420_21	21	60	126	85	184	271	198	138
H421_21	21	70	93	69	156	280	192	128
H421_21	21	90	96	85	158	280	198	136
H421_21	21	98	153	69	156	280	201	138
H421_21	21	104	156	69	156	280	192	146
H421_21	21	70	93	69	156	280	192	152
H421_21	21	70	93	69	156	280	192	128
H422_21	21	70	96	85	156	283	198	128
H422_21	21	72	153	85	158	283	204	136
H422_21	21	88	156	85	156	283	207	138
H422_21	21	90	96	85	156	283	198	142
H422_21	21	70	96	85	156	283	198	128
H422_21	21	70	96	85	156	283	198	128
H423_21	21	70	96	69	156	283	198	136
H423_21	21	72	120	85	156	283	204	140
H423_21	21	88	129	69	156	283	207	142
H423_21	21	90	156	69	156	283	198	146
H423_21	21	70	162	69	156	283	198	136
H423_21	21	70	96	69	156	283	198	136
H424_21	21	70	93	69	156	256	198	136
H424_21	21	96	96	73	158	268	204	146
H424_21	21	102	117	69	156	274	207	136
H424_21	21	70	153	69	156	277	198	136
H424_21	21	70	156	69	156	280	198	136
H424_21	21	70	93	69	156	283	198	136
H425_21	21	80	96	89	170	256	195	142
H425_21	21	82	102	89	170	268	198	142
H425_21	21	92	114	89	170	256	195	142
H425_21	21	94	96	89	170	256	195	142
H425_21	21	80	96	89	170	256	195	142
H425_21	21	80	96	89	170	256	195	142
H426_21	21	60	93	129	176	274	195	142
H426_21	21	78	129	129	176	274	198	144
H426_21	21	86	93	129	176	274	195	142
H426_21	21	92	93	129	176	274	195	142
H426_21	21	94	93	129	176	274	195	142
H426_21	21	60	93	129	176	274	195	142
H427_21	21	60	111	129	178	253	195	142
H427_21	21	80	111	165	180	271	198	144
H427_21	21	86	111	129	178	274	195	142
H427_21	21	92	111	129	178	277	195	142
H427_21	21	94	111	129	178	304	195	142
H427_21	21	60	111	129	178	319	195	142
H428_21	21	60	93	129	170	274	195	140
H428_21	21	78	129	129	206	274	195	142
H428_21	21	86	93	129	208	274	195	140
H428_21	21	92	93	129	170	274	195	140
H428_21	21	94	93	129	170	274	195	140
H428_21	21	60	93	129	170	274	195	140
H429_21	21	60	132	89	174	253	195	140
H429_21	21	80	132	129	174	274	198	142
H429_21	21	92	132	89	174	289	195	140
H429_21	21	94	132	89	174	253	195	140
H429_21	21	60	132	89	174	253	195	140
H429_21	21	60	132	89	174	253	195	140
H430_21	21	60	93	129	172	253	195	140
H430_21	21	78	129	153	184	268	195	142
H430_21	21	82	93	129	172	271	195	140
H430_21	21	90	93	129	172	274	195	140
H430_21	21	92	93	129	172	277	195	140
H430_21	21	60	93	129	172	304	195	140
H431_21	21	60	93	129	172	274	195	140
H431_21	21	78	126	153	182	277	195	142
H431_21	21	82	129	129	184	301	195	140
H431_21	21	90	93	129	172	304	195	140
H431_21	21	92	93	129	172	274	195	140
H431_21	21	60	93	129	172	274	195	140
H457_23	23	68	96	69	156	280	195	132
H457_23	23	70	111	73	156	283	198	140
H457_23	23	96	120	141	156	280	213	142
H457_23	23	68	132	69	156	280	195	146
H457_23	23	68	96	69	156	280	195	148
H457_23	23	68	96	69	156	280	195	132
H458_23	23	70	96	69	148	277	195	132
H458_23	23	96	120	73	156	280	201	136
H458_23	23	70	141	69	148	277	213	140
H458_23	23	70	144	69	148	277	195	146
H458_23	23	70	96	69	148	277	195	148
H458_23	23	70	96	69	148	277	195	132
H459_23	23	76	93	73	156	-9	198	136
H459_23	23	76	96	73	156	-9	201	140
H459_23	23	76	105	73	156	-9	204	144
H459_23	23	76	93	73	156	-9	207	146
H459_23	23	76	93	73	156	-9	198	136
H459_23	23	76	93	73	156	-9	198	136
H460_23	23	78	96	73	156	262	195	140
H460_23	23	78	105	141	156	280	198	142
H460_23	23	78	144	73	156	262	213	144
H460_23	23	78	96	73	156	262	195	146
H460_23	23	78	96	73	156	262	195	148
H460_23	23	78	96	73	156	262	195	140
H461_23	23	70	93	69	156	259	198	132
H461_23	23	78	96	73	156	259	204	140
H461_23	23	94	105	93	156	259	207	142
H461_23	23	100	141	69	156	259	198	146
H461_23	23	102	144	69	156	259	198	148
H461_23	23	104	93	69	156	259	198	132
H462_23	23	70	105	69	148	286	195	132
H462_23	23	72	111	73	156	289	198	138
H462_23	23	78	105	93	158	295	213	140
H462_23	23	90	105	141	148	298	195	142
H462_23	23	94	105	69	148	286	195	148
H462_23	23	100	105	69	148	286	195	132
H463_23	23	70	96	69	156	289	175	-9
H463_23	23	72	105	73	156	289	178	-9
H463_23	23	78	132	77	156	289	186	-9
H463_23	23	94	141	69	156	289	198	-9
H463_23	23	100	96	69	156	289	175	-9
H463_23	23	104	96	69	156	289	175	-9
H464_23	23	72	96	69	148	289	195	140
H464_23	23	78	105	73	156	289	198	146
H464_23	23	92	111	69	148	289	204	148
H464_23	23	94	132	69	148	289	207	140
H464_23	23	100	96	69	148	289	213	140
H464_23	23	104	96	69	148	289	195	140
H465_23	23	72	96	69	148	259	195	132
H465_23	23	78	120	73	154	265	210	142
H465_23	23	90	123	69	156	289	213	144
H465_23	23	92	132	69	148	307	195	146
H465_23	23	94	96	69	148	310	195	132
H465_23	23	104	96	69	148	259	195	132
H466_23	23	56	84	77	148	-9	-9	-9
H466_23	23	58	99	85	154	-9	-9	-9
H466_23	23	78	111	101	156	-9	-9	-9
H466_23	23	80	132	77	158	-9	-9	-9
H466_23	23	56	144	77	148	-9	-9	-9
H466_23	23	56	84	77	148	-9	-9	-9
H467_23	23	72	96	73	148	274	195	138
H467_23	23	78	132	73	156	289	210	140
H467_23	23	92	144	73	148	298	213	142
H467_23	23	94	96	73	148	307	195	146
H467_23	23	100	96	73	148	274	195	148
H467_23	23	104	96	73	148	274	195	138
H468_23	23	-9	-9	-9	-9	265	204	142
H468_23	23	-9	-9	-9	-9	280	207	146
H468_23	23	-9	-9	-9	-9	283	204	142
H468_23	23	-9	-9	-9	-9	265	204	142
H468_23	23	-9	-9	-9	-9	265	204	142
H468_23	23	-9	-9	-9	-9	265	204	142
H469_23	23	72	96	65	148	259	189	132
H469_23	23	78	105	69	156	283	198	140
H469_23	23	92	117	73	148	289	189	146
H469_23	23	94	132	65	148	259	189	132
H469_23	23	100	141	65	148	259	189	132
H469_23	23	108	96	65	148	259	189	132
H595_29	29	82	96	73	156	271	180	142
H595_29	29	92	117	77	156	283	198	144
H595_29	29	82	144	145	156	286	201	146
H595_29	29	82	150	73	156	304	204	142
H595_29	29	82	159	73	156	271	210	142
H595_29	29	82	96	73	156	271	213	142
H596_29	29	70	96	73	156	262	198	140
H596_29	29	80	99	73	156	265	201	142
H596_29	29	82	132	73	156	271	213	148
H596_29	29	70	96	73	156	262	198	140
H596_29	29	70	96	73	156	262	198	140
H596_29	29	70	96	73	156	262	198	140
H597_29	29	70	96	69	156	271	201	140
H597_29	29	82	96	73	156	277	204	142
H597_29	29	70	96	69	156	283	207	144
H597_29	29	70	96	69	156	271	213	146
H597_29	29	70	96	69	156	271	201	148
H597_29	29	70	96	69	156	271	201	140
H598_29	29	70	93	69	156	256	204	136
H598_29	29	82	117	73	158	262	210	138
H598_29	29	92	138	141	156	277	213	140
H598_29	29	70	144	145	156	286	219	142
H598_29	29	70	147	69	156	295	204	136
H598_29	29	70	93	69	156	316	204	136
H599_29	29	78	96	69	156	286	198	136
H599_29	29	82	111	145	156	292	201	140
H599_29	29	90	147	69	156	304	204	142
H599_29	29	78	150	69	156	286	198	144
H599_29	29	78	96	69	156	286	198	136
H599_29	29	78	96	69	156	286	198	136
H600_29	29	70	96	73	158	286	189	136
H600_29	29	72	117	77	158	295	192	142
H600_29	29	94	96	73	158	310	195	146
H600_29	29	70	96	73	158	286	198	148
H600_29	29	70	96	73	158	286	189	136
H600_29	29	70	96	73	158	286	189	136
H601_29	29	70	96	69	156	256	204	136
H601_29	29	92	117	73	158	271	207	140
H601_29	29	98	120	69	156	295	204	142
H601_29	29	70	129	69	156	298	204	146
H601_29	29	70	96	69	156	256	204	136
H601_29	29	70	96	69	156	256	204	136
H602_29	29	82	96	73	158	286	201	136
H602_29	29	94	117	73	158	295	204	142
H602_29	29	100	96	73	158	298	213	148
H602_29	29	82	96	73	158	286	201	136
H602_29	29	82	96	73	158	286	201	136
H602_29	29	82	96	73	158	286	201	136
H603_29	29	86	96	69	156	265	189	138
H603_29	29	86	117	145	156	295	195	140
H603_29	29	86	150	69	156	298	189	142
H603_29	29	86	96	69	156	307	189	138
H603_29	29	86	96	69	156	265	189	138
H603_29	29	86	96	69	156	265	189	138
H604_29	29	68	96	69	156	286	201	136
H604_29	29	70	117	77	156	295	207	140
H604_29	29	82	153	69	156	286	210	142
H604_29	29	68	96	69	156	286	201	146
H604_29	29	68	96	69	156	286	201	136
H604_29	29	68	96	69	156	286	201	136
H605_29	29	70	96	73	156	277	189	138
H605_29	29	72	153	73	158	283	192	140
H605_29	29	90	96	73	156	286	189	142
H605_29	29	100	96	73	156	298	189	148
H605_29	29	70	96	73	156	307	189	152
H605_29	29	70	96	73	156	313	189	138
H606_29	29	72	96	73	156	286	201	138
H606_29	29	82	117	73	158	295	204	140
H606_29	29	72	150	73	156	298	207	142
H606_29	29	72	96	73	156	304	213	148
H606_29	29	72	96	73	156	286	201	138
H606_29	29	72	96	73	156	286	201	138
H607_29	29	70	96	73	156	277	201	136
H607_29	29	94	129	73	158	286	201	142
H607_29	29	98	96	73	156	298	201	146
H607_29	29	70	96	73	156	304	201	136
H607_29	29	70	96	73	156	277	201	136
H607_29	29	70	96	73	156	277	201	136
H608_29	29	70	96	69	156	271	195	138
H608_29	29	82	144	73	156	274	198	142
H608_29	29	98	150	141	156	277	216	144
H608_29	29	70	96	145	156	283	195	146
H608_29	29	70	96	69	156	289	195	138
H608_29	29	70	96	69	156	292	195	138
H609_29	29	70	96	73	156	256	201	142
H609_29	29	82	129	73	158	262	207	144
H609_29	29	70	96	73	156	286	213	148
H609_29	29	70	96	73	156	292	216	142
H609_29	29	70	96	73	156	295	219	142
H609_29	29	70	96	73	156	256	201	142
H610_29	29	70	96	73	156	271	198	136
H610_29	29	82	117	73	156	292	201	140
H610_29	29	94	120	73	156	304	204	142
H610_29	29	104	147	73	156	271	213	144
H610_29	29	70	150	73	156	271	219	136
H610_29	29	70	96	73	156	271	198	136
H611_29	29	70	93	69	156	256	201	138
H611_29	29	72	96	73	158	262	204	140
H611_29	29	88	117	77	156	277	207	142
H611_29	29	70	147	69	156	283	213	144
H611_29	29	70	93	69	156	286	219	138
H611_29	29	70	93	69	156	256	201	138
H612_29	29	70	96	73	156	262	204	136
H612_29	29	86	117	141	158	295	204	140
H612_29	29	88	120	73	156	298	204	142
H612_29	29	70	129	73	156	262	204	144
H612_29	29	70	96	73	156	262	204	146
H612_29	29	70	96	73	156	262	204	136
H613_29	29	72	96	73	156	262	204	136
H613_29	29	82	111	77	158	277	213	142
H613_29	29	72	117	141	156	283	219	144
H613_29	29	72	150	73	156	286	204	148
H613_29	29	72	96	73	156	262	204	136
H613_29	29	72	96	73	156	262	204	136
H614_29	29	56	96	73	156	262	195	130
H614_29	29	58	144	73	156	274	213	136
H614_29	29	72	96	73	156	295	195	138
H614_29	29	74	96	73	156	310	195	142
H614_29	29	102	96	73	156	313	195	146
H614_29	29	104	96	73	156	262	195	130
H615_29	29	-9	-9	-9	-9	262	189	140
H615_29	29	-9	-9	-9	-9	283	195	142
H615_29	29	-9	-9	-9	-9	298	201	146
H615_29	29	-9	-9	-9	-9	262	204	140
H615_29	29	-9	-9	-9	-9	262	207	140
H615_29	29	-9	-9	-9	-9	262	210	140
H616_29	29	70	102	93	148	271	204	130
H616_29	29	78	117	105	156	277	213	136
H616_29	29	82	156	93	158	286	204	142
H616_29	29	70	102	93	148	271	204	130
H616_29	29	70	102	93	148	271	204	130
H616_29	29	70	102	93	148	271	204	130
H617_29	29	-9	-9	-9	-9	271	204	130
H617_29	29	-9	-9	-9	-9	271	210	132
H617_29	29	-9	-9	-9	-9	271	213	140
H617_29	29	-9	-9	-9	-9	271	204	142
H617_29	29	-9	-9	-9	-9	271	204	148
H617_29	29	-9	-9	-9	-9	271	204	130
H618_29	29	72	96	93	148	262	180	138
H618_29	29	84	102	93	156	286	195	142
H618_29	29	102	120	93	148	295	204	144
H618_29	29	104	96	93	148	298	207	148
H618_29	29	72	96	93	148	262	210	138
H618_29	29	72	96	93	148	262	216	138
H619_29	29	58	96	73	156	256	192	136
H619_29	29	70	111	93	156	262	198	142
H619_29	29	72	117	141	156	271	201	144
H619_29	29	82	132	145	156	277	204	148
H619_29	29	98	96	73	156	256	213	136
H619_29	29	58	96	73	156	256	216	136
H620_29	29	72	96	69	148	292	195	132
H620_29	29	82	99	73	156	304	198	134
H620_29	29	94	111	77	158	292	201	140
H620_29	29	102	117	141	148	292	213	142
H620_29	29	72	132	69	148	292	216	132
H620_29	29	72	96	69	148	292	219	132
H621_29	29	58	96	73	156	274	201	134
H621_29	29	70	138	89	156	304	204	138
H621_29	29	94	144	141	156	274	207	140
H621_29	29	100	150	145	156	274	210	142
H621_29	29	104	96	73	156	274	201	146
H621_29	29	58	96	73	156	274	201	134
H622_29	29	60	96	69	156	286	195	132
H622_29	29	72	117	73	158	295	204	134
H622_29	29	82	96	77	156	286	195	140
H622_29	29	92	96	89	156	286	195	142
H622_29	29	102	96	69	156	286	195	148
H622_29	29	104	96	69	156	286	195	132
H623_29	29	-9	-9	-9	-9	262	180	140
H623_29	29	-9	-9	-9	-9	277	198	142
H623_29	29	-9	-9	-9	-9	286	204	148
H623_29	29	-9	-9	-9	-9	295	207	140
H623_29	29	-9	-9	-9	-9	262	213	140
H623_29	29	-9	-9	-9	-9	262	180	140
H624_29	29	66	99	77	148	-9	-9	-9
H624_29	29	76	117	93	156	-9	-9	-9
H624_29	29	98	120	77	158	-9	-9	-9
H624_29	29	100	147	77	148	-9	-9	-9
H624_29	29	102	150	77	148	-9	-9	-9
H624_29	29	104	156	77	148	-9	-9	-9
H625_30	30	72	96	69	154	283	180	136
H625_30	30	82	153	73	156	295	192	140
H625_30	30	88	156	77	154	298	201	142
H625_30	30	72	96	69	154	283	204	136
H625_30	30	72	96	69	154	283	207	136
H625_30	30	72	96	69	154	283	210	136
H626_30	30	-9	-9	-9	-9	283	180	136
H626_30	30	-9	-9	-9	-9	295	204	136
H626_30	30	-9	-9	-9	-9	298	207	136
H626_30	30	-9	-9	-9	-9	283	216	136
H626_30	30	-9	-9	-9	-9	283	180	136
H626_30	30	-9	-9	-9	-9	283	180	136
H627_30	30	76	99	73	148	-9	180	136
H627_30	30	84	114	77	156	-9	192	142
H627_30	30	88	117	81	148	-9	198	144
H627_30	30	76	153	73	148	-9	201	136
H627_30	30	76	156	73	148	-9	204	136
H627_30	30	76	174	73	148	-9	207	136
H628_30	30	78	96	69	156	280	180	136
H628_30	30	84	129	73	156	283	198	140
H628_30	30	78	156	129	156	295	201	136
H628_30	30	78	159	141	156	298	204	136
H628_30	30	78	162	145	156	280	207	136
H628_30	30	78	96	161	156	280	210	136
H629_30	30	70	96	69	156	280	180	136
H629_30	30	86	117	141	156	283	192	140
H629_30	30	70	123	69	156	280	195	142
H629_30	30	70	156	69	156	280	198	136
H629_30	30	70	162	69	156	280	207	136
H629_30	30	70	96	69	156	280	180	136
H630_30	30	72	96	69	156	283	192	136
H630_30	30	78	156	73	156	295	195	140
H630_30	30	72	96	145	156	298	198	142
H630_30	30	72	96	69	156	283	204	136
H630_30	30	72	96	69	156	283	192	136
H630_30	30	72	96	69	156	283	192	136
H631_30	30	72	123	69	156	265	180	140
H631_30	30	78	156	73	156	283	192	140
H631_30	30	72	174	145	156	265	201	140
H631_30	30	72	123	69	156	265	204	140
H631_30	30	72	123	69	156	265	507	140
H631_30	30	72	123	69	156	265	210	140
H632_30	30	70	96	69	156	265	180	136
H632_30	30	72	120	73	156	283	198	140
H632_30	30	86	123	141	156	295	201	142
H632_30	30	90	156	69	156	298	204	154
H632_30	30	70	159	69	156	310	210	136
H632_30	30	70	162	69	156	265	180	136
H633_30	30	72	96	69	154	271	180	136
H633_30	30	78	123	73	156	286	192	138
H633_30	30	104	174	77	154	289	204	142
H633_30	30	72	96	69	154	304	207	154
H633_30	30	72	96	69	154	271	210	136
H633_30	30	72	96	69	154	271	213	136
H634_30	30	72	96	73	154	280	180	136
H634_30	30	82	156	141	156	283	201	140
H634_30	30	72	96	145	154	292	204	142
H634_30	30	72	96	73	154	295	210	154
H634_30	30	72	96	73	154	298	180	136
H634_30	30	72	96	73	154	280	180	136
H635_30	30	70	96	73	156	277	180	136
H635_30	30	72	96	97	156	280	192	142
H635_30	30	88	96	141	156	283	204	154
H635_30	30	70	96	145	156	286	207	136
H635_30	30	70	96	73	156	313	210	136
H635_30	30	70	96	73	156	277	180	136
H636_30	30	70	96	69	156	277	180	136
H636_30	30	72	123	73	156	286	192	140
H636_30	30	78	162	77	156	289	201	136
H636_30	30	86	174	93	156	313	204	136
H636_30	30	104	96	145	156	325	207	136
H636_30	30	70	96	69	156	277	210	136
H637_30	30	70	96	69	156	280	198	136
H637_30	30	72	117	77	156	286	204	138
H637_30	30	70	156	93	156	313	213	140
H637_30	30	70	96	145	156	280	216	136
H637_30	30	70	96	69	156	280	198	136
H637_30	30	70	96	69	156	280	198	136
H638_30	30	70	96	69	156	277	198	136
H638_30	30	78	120	73	156	283	201	138
H638_30	30	70	153	69	156	304	204	140
H638_30	30	70	156	69	156	277	198	142
H638_30	30	70	96	69	156	277	198	136
H638_30	30	70	96	69	156	277	198	136
H639_30	30	78	96	69	156	280	180	136
H639_30	30	78	117	73	156	283	201	138
H639_30	30	78	153	77	156	289	204	142
H639_30	30	78	174	93	156	298	207	136
H639_30	30	78	96	69	156	304	210	136
H639_30	30	78	96	69	156	280	180	136
H640_30	30	72	93	69	156	283	192	136
H640_30	30	104	96	73	156	289	195	140
H640_30	30	72	153	77	156	295	198	142
H640_30	30	72	156	93	156	298	201	136
H640_30	30	72	93	69	156	304	204	136
H640_30	30	72	93	69	156	283	192	136
H641_30	30	70	96	69	156	274	180	136
H641_30	30	88	117	73	156	277	192	140
H641_30	30	104	147	77	156	295	195	136
H641_30	30	70	156	93	156	298	198	136
H641_30	30	70	162	69	156	304	201	136
H641_30	30	70	96	69	156	274	207	136
H642_30	30	-9	96	69	156	280	198	136
H642_30	30	-9	120	73	156	304	201	140
H642_30	30	-9	162	93	156	307	204	142
H642_30	30	-9	96	141	156	280	207	146
H642_30	30	-9	96	69	156	280	198	148
H642_30	30	-9	96	69	156	280	198	136
H643_30	30	72	117	69	156	265	180	136
H643_30	30	72	123	73	156	292	192	140
H643_30	30	72	156	77	156	295	204	136
H643_30	30	72	117	93	156	298	207	136
H643_30	30	72	117	69	156	307	180	136
H643_30	30	72	117	69	156	265	180	136
H644_30	30	70	153	69	156	277	198	136
H644_30	30	72	156	93	156	280	198	140
H644_30	30	78	153	69	156	283	198	142
H644_30	30	88	153	69	156	292	198	152
H644_30	30	104	153	69	156	295	198	136
H644_30	30	70	153	69	156	298	198	136
H645_30	30	70	96	73	156	283	180	136
H645_30	30	72	117	77	156	292	192	140
H645_30	30	82	123	73	156	295	195	142
H645_30	30	90	156	73	156	298	198	136
H645_30	30	70	159	73	156	283	207	136
H645_30	30	70	96	73	156	283	180	136
H646_30	30	72	96	73	156	-9	-9	-9
H646_30	30	78	117	93	156	-9	-9	-9
H646_30	30	72	144	145	156	-9	-9	-9
H646_30	30	72	153	73	156	-9	-9	-9
H646_30	30	72	96	73	156	-9	-9	-9
H646_30	30	72	96	73	156	-9	-9	-9
H647_30	30	76	96	69	156	280	180	136
H647_30	30	78	162	73	156	283	192	140
H647_30	30	76	96	77	156	298	207	142
H647_30	30	76	96	145	156	304	213	136
H647_30	30	76	96	69	156	280	219	136
H647_30	30	76	96	69	156	280	180	136
H648_30	30	70	96	69	156	262	201	136
H648_30	30	78	120	73	156	277	201	138
H648_30	30	88	162	93	156	295	201	140
H648_30	30	70	96	69	156	298	201	142
H648_30	30	70	96	69	156	262	201	136
H648_30	30	70	96	69	156	262	201	136
H649_31	31	76	96	73	156	259	189	132
H649_31	31	76	123	77	156	280	192	136
H649_31	31	76	144	141	156	259	195	138
H649_31	31	76	150	73	156	259	213	140
H649_31	31	76	96	73	156	259	189	142
H649_31	31	76	96	73	156	259	189	132
H650_31	31	76	93	69	156	259	195	140
H650_31	31	76	96	77	156	280	201	142
H650_31	31	76	132	69	156	259	204	140
H650_31	31	76	93	69	156	259	207	140
H650_31	31	76	93	69	156	259	210	140
H650_31	31	76	93	69	156	259	213	140
H651_31	31	78	96	73	156	-9	189	136
H651_31	31	78	96	73	156	-9	192	140
H651_31	31	78	96	73	156	-9	198	142
H651_31	31	78	96	73	156	-9	213	136
H651_31	31	78	96	73	156	-9	189	136
H651_31	31	78	96	73	156	-9	189	136
H652_31	31	70	96	69	156	262	195	140
H652_31	31	78	147	73	156	280	213	142
H652_31	31	70	96	69	156	283	195	140
H652_31	31	70	96	69	156	262	195	140
H652_31	31	70	96	69	156	262	195	140
H652_31	31	70	96	69	156	262	195	140
H653_31	31	70	96	69	156	-9	-9	-9
H653_31	31	76	105	73	156	-9	-9	-9
H653_31	31	70	117	141	156	-9	-9	-9
H653_31	31	70	144	69	156	-9	-9	-9
H653_31	31	70	96	69	156	-9	-9	-9
H653_31	31	70	96	69	156	-9	-9	-9
H654_31	31	70	96	69	156	-9	189	136
H654_31	31	76	117	73	156	-9	192	142
H654_31	31	78	123	69	156	-9	195	146
H654_31	31	70	147	69	156	-9	198	148
H654_31	31	70	96	69	156	-9	213	136
H654_31	31	70	96	69	156	-9	189	136
H655_31	31	72	90	69	156	286	189	136
H655_31	31	78	96	73	156	295	192	140
H655_31	31	72	123	77	156	307	195	142
H655_31	31	72	90	69	156	310	198	148
H655_31	31	72	90	69	156	313	213	136
H655_31	31	72	90	69	156	286	189	136
H656_31	31	78	96	73	156	268	195	140
H656_31	31	78	105	77	156	274	213	142
H656_31	31	78	96	73	156	280	195	140
H656_31	31	78	96	73	156	283	195	140
H656_31	31	78	96	73	156	298	195	140
H656_31	31	78	96	73	156	268	195	140
H657_31	31	70	96	69	156	259	-9	132
H657_31	31	78	123	73	156	277	-9	142
H657_31	31	100	96	77	156	259	-9	144
H657_31	31	70	96	141	156	259	-9	148
H657_31	31	70	96	69	156	259	-9	132
H657_31	31	70	96	69	156	259	-9	132
H658_31	31	72	93	69	156	262	195	136
H658_31	31	78	96	73	156	271	213	140
H658_31	31	86	153	77	156	295	195	146
H658_31	31	88	93	69	156	313	195	136
H658_31	31	72	93	69	156	262	195	136
H658_31	31	72	93	69	156	262	195	136
H659_31	31	70	96	69	156	259	192	136
H659_31	31	72	147	77	158	271	195	140
H659_31	31	86	96	69	156	295	198	142
H659_31	31	100	96	69	156	259	216	136
H659_31	31	70	96	69	156	259	192	136
H659_31	31	70	96	69	156	259	192	136
H660_31	31	70	96	69	156	271	195	136
H660_31	31	72	123	73	156	289	204	138
H660_31	31	88	96	97	156	271	213	140
H660_31	31	100	96	69	156	271	195	142
H660_31	31	70	96	69	156	271	195	146
H660_31	31	70	96	69	156	271	195	136
H661_31	31	76	93	69	156	259	-9	140
H661_31	31	88	96	73	156	277	-9	142
H661_31	31	90	132	141	156	280	-9	148
H661_31	31	100	93	69	156	289	-9	140
H661_31	31	76	93	69	156	310	-9	140
H661_31	31	76	93	69	156	259	-9	140
H662_31	31	70	93	69	156	259	192	140
H662_31	31	102	96	73	158	262	195	142
H662_31	31	104	144	69	156	280	198	140
H662_31	31	70	147	69	156	289	213	140
H662_31	31	70	93	69	156	259	192	140
H662_31	31	70	93	69	156	259	192	140
H663_31	31	70	93	69	156	280	195	140
H663_31	31	72	96	73	156	280	213	142
H663_31	31	88	123	69	156	280	195	148
H663_31	31	94	93	69	156	280	195	140
H663_31	31	70	93	69	156	280	195	140
H663_31	31	70	93	69	156	280	195	140
H664_31	31	76	96	69	156	286	195	140
H664_31	31	78	120	73	156	298	213	142
H664_31	31	86	123	69	156	286	195	148
H664_31	31	76	150	69	156	286	195	140
H664_31	31	76	165	69	156	286	195	140
H664_31	31	76	96	69	156	286	195	140
H665_31	31	76	96	69	156	289	180	136
H665_31	31	78	120	73	156	298	198	138
H665_31	31	86	123	69	156	310	204	142
H665_31	31	76	150	69	156	313	207	136
H665_31	31	76	165	69	156	289	216	136
H665_31	31	76	96	69	156	289	180	136
H666_31	31	70	90	73	156	259	192	136
H666_31	31	78	93	73	156	262	195	138
H666_31	31	82	96	73	156	280	198	140
H666_31	31	70	105	73	156	289	201	142
H666_31	31	70	123	73	156	298	213	136
H666_31	31	70	138	73	156	259	216	136
H667_31	31	70	93	73	156	259	195	140
H667_31	31	78	96	77	156	262	201	142
H667_31	31	70	93	73	156	283	213	148
H667_31	31	70	93	73	156	289	195	140
H667_31	31	70	93	73	156	322	195	140
H667_31	31	70	93	73	156	259	195	140
H668_31	31	70	96	69	156	259	201	136
H668_31	31	76	117	73	158	268	204	138
H668_31	31	78	96	69	156	280	201	142
H668_31	31	70	96	69	156	295	201	148
H668_31	31	70	96	69	156	313	201	154
H668_31	31	70	96	69	156	259	201	136
H669_31	31	70	96	69	156	259	189	136
H669_31	31	76	123	73	156	271	192	140
H669_31	31	78	150	69	156	280	195	142
H669_31	31	70	153	69	156	289	198	136
H669_31	31	70	96	69	156	259	213	136
H669_31	31	70	96	69	156	259	216	136
H670_31	31	70	96	73	156	259	192	140
H670_31	31	78	138	73	156	298	198	142
H670_31	31	82	96	73	156	259	216	144
H670_31	31	70	96	73	156	259	192	140
H670_31	31	70	96	73	156	259	192	140
H670_31	31	70	96	73	156	259	192	140
H671_32	32	60	96	69	156	262	189	142
H671_32	32	70	117	73	158	262	192	144
H671_32	32	78	132	93	156	262	195	146
H671_32	32	86	96	69	156	262	198	142
H671_32	32	102	96	69	156	262	201	142
H671_32	32	104	96	69	156	262	204	142
H672_32	32	60	96	69	156	-9	189	136
H672_32	32	70	117	73	156	-9	192	140
H672_32	32	78	132	93	156	-9	195	142
H672_32	32	102	96	69	156	-9	198	148
H672_32	32	104	96	69	156	-9	189	136
H672_32	32	60	96	69	156	-9	189	136
H673_32	32	58	93	69	156	262	195	140
H673_32	32	72	96	73	156	274	198	142
H673_32	32	88	120	93	156	304	204	146
H673_32	32	104	93	69	156	262	207	148
H673_32	32	58	93	69	156	262	213	140
H673_32	32	58	93	69	156	262	195	140
H674_32	32	58	93	69	156	262	198	130
H674_32	32	72	96	73	156	274	204	140
H674_32	32	86	111	93	156	280	207	148
H674_32	32	88	132	69	156	262	198	154
H674_32	32	104	93	69	156	262	198	130
H674_32	32	58	93	69	156	262	198	130
H675_32	32	72	96	69	156	274	195	140
H675_32	32	102	117	73	156	289	201	142
H675_32	32	104	132	93	156	274	210	154
H675_32	32	72	96	69	156	274	213	140
H675_32	32	72	96	69	156	274	195	140
H675_32	32	72	96	69	156	274	195	140
H676_32	32	58	96	69	156	262	195	132
H676_32	32	72	132	73	156	274	210	136
H676_32	32	76	150	93	156	313	213	140
H676_32	32	78	96	69	156	262	195	148
H676_32	32	102	96	69	156	262	195	132
H676_32	32	104	96	69	156	262	195	132
H677_32	32	58	96	73	156	289	189	136
H677_32	32	72	111	93	156	304	192	138
H677_32	32	104	117	73	156	313	198	140
H677_32	32	106	120	73	156	289	201	142
H677_32	32	58	96	73	156	289	189	136
H677_32	32	58	96	73	156	289	189	136
H678_32	32	58	96	69	156	289	189	136
H678_32	32	70	111	73	156	289	192	138
H678_32	32	72	120	93	156	289	195	142
H678_32	32	104	132	69	156	289	201	146
H678_32	32	58	144	69	156	289	213	154
H678_32	32	58	96	69	156	289	189	136
H679_32	32	58	96	69	156	274	204	136
H679_32	32	72	111	73	156	280	207	142
H679_32	32	78	117	93	156	304	204	144
H679_32	32	82	150	69	156	310	204	146
H679_32	32	104	96	69	156	313	204	136
H679_32	32	58	96	69	156	274	204	136
H680_32	32	78	96	69	156	289	201	136
H680_32	32	88	120	73	156	289	201	138
H680_32	32	104	132	93	156	289	201	140
H680_32	32	78	153	69	156	289	201	142
H680_32	32	78	96	69	156	289	201	148
H680_32	32	78	96	69	156	289	201	136
H681_32	32	60	96	69	156	289	189	138
H681_32	32	70	117	73	158	289	192	140
H681_32	32	72	120	93	156	289	201	146
H681_32	32	78	153	69	156	289	189	148
H681_32	32	102	96	69	156	289	189	154
H681_32	32	104	96	69	156	289	189	138
H682_32	32	-9	-9	-9	-9	289	189	140
H682_32	32	-9	-9	-9	-9	289	192	142
H682_32	32	-9	-9	-9	-9	289	195	140
H682_32	32	-9	-9	-9	-9	289	198	140
H682_32	32	-9	-9	-9	-9	289	201	140
H682_32	32	-9	-9	-9	-9	289	189	140
H683_32	32	70	96	69	156	265	192	130
H683_32	32	72	120	73	158	274	195	136
H683_32	32	88	150	93	156	277	198	142
H683_32	32	102	96	69	156	283	204	144
H683_32	32	104	96	69	156	295	207	148
H683_32	32	70	96	69	156	313	213	130
H684_32	32	70	96	69	156	289	189	136
H684_32	32	76	120	73	156	289	192	140
H684_32	32	88	132	93	156	289	198	142
H684_32	32	102	150	69	156	289	201	136
H684_32	32	104	96	69	156	289	189	136
H684_32	32	70	96	69	156	289	189	136
H685_32	32	58	96	69	156	274	192	136
H685_32	32	70	117	73	156	289	195	140
H685_32	32	72	138	93	156	304	198	142
H685_32	32	78	150	69	156	313	210	148
H685_32	32	88	96	69	156	274	213	136
H685_32	32	104	96	69	156	274	216	136
H686_32	32	-9	-9	-9	-9	262	192	138
H686_32	32	-9	-9	-9	-9	289	195	144
H686_32	32	-9	-9	-9	-9	262	198	148
H686_32	32	-9	-9	-9	-9	262	207	154
H686_32	32	-9	-9	-9	-9	262	192	138
H686_32	32	-9	-9	-9	-9	262	192	138
H687_32	32	72	96	93	156	262	192	130
H687_32	32	86	102	93	156	313	195	138
H687_32	32	92	117	93	156	262	198	140
H687_32	32	94	120	93	156	262	201	142
H687_32	32	102	96	93	156	262	213	148
H687_32	32	104	96	93	156	262	192	130
H688_32	32	58	93	69	156	265	198	136
H688_32	32	72	96	73	156	274	201	140
H688_32	32	92	132	93	156	298	204	142
H688_32	32	104	93	69	156	265	207	144
H688_32	32	58	93	69	156	265	198	136
H688_32	32	58	93	69	156	265	198	136
H689_32	32	70	96	69	156	262	198	140
H689_32	32	76	105	73	156	274	201	142
H689_32	32	92	153	93	156	262	204	144
H689_32	32	94	96	69	156	262	198	148
H689_32	32	100	96	69	156	262	198	154
H689_32	32	104	96	69	156	262	198	140
H690_32	32	70	93	69	156	265	192	138
H690_32	32	72	96	73	156	280	195	140
H690_32	32	82	120	93	156	313	198	142
H690_32	32	92	132	69	156	265	204	148
H690_32	32	94	93	69	156	265	207	138
H690_32	32	106	93	69	156	265	192	138
H691_32	32	92	102	93	-9	262	189	136
H691_32	32	94	120	93	-9	274	192	138
H691_32	32	92	132	93	-9	289	189	140
H691_32	32	92	102	93	-9	262	189	142
H691_32	32	92	102	93	-9	262	189	148
H691_32	32	92	102	93	-9	262	189	154
H692_32	32	-9	-9	-9	-9	289	198	130
H692_32	32	-9	-9	-9	-9	304	198	136
H692_32	32	-9	-9	-9	-9	289	198	138
H692_32	32	-9	-9	-9	-9	289	198	142
H692_32	32	-9	-9	-9	-9	289	198	144
H692_32	32	-9	-9	-9	-9	289	198	130
H693_32	32	70	96	69	154	262	201	140
H693_32	32	72	105	73	154	265	201	142
H693_32	32	82	111	93	154	280	201	144
H693_32	32	88	120	121	154	262	201	146
H693_32	32	92	96	69	154	262	201	140
H693_32	32	104	96	69	154	262	201	140
H694_32	32	78	96	69	156	259	189	138
H694_32	32	88	117	73	156	274	192	140
H694_32	32	104	120	69	156	313	189	146
H694_32	32	78	96	69	156	259	189	148
H694_32	32	78	96	69	156	259	189	138
H694_32	32	78	96	69	156	259	189	138
H695_32	32	70	96	73	156	259	195	130
H695_32	32	72	120	141	156	298	201	142
H695_32	32	104	96	73	156	304	213	146
H695_32	32	70	96	73	156	313	195	130
H695_32	32	70	96	73	156	259	195	130
H695_32	32	70	96	73	156	259	195	130
H696_32	32	70	96	69	158	265	195	138
H696_32	32	76	132	73	158	310	201	142
H696_32	32	78	150	69	158	313	213	146
H696_32	32	70	96	69	158	265	195	138
H696_32	32	70	96	69	158	265	195	138
H696_32	32	70	96	69	158	265	195	138
H697_32	32	70	96	69	156	259	195	142
H697_32	32	72	120	73	156	280	201	144
H697_32	32	82	132	69	156	283	213	154
H697_32	32	106	96	69	156	322	195	142
H697_32	32	70	96	69	156	259	195	142
H697_32	32	70	96	69	156	259	195	142
H698_32	32	70	96	69	156	274	192	140
H698_32	32	78	117	73	156	289	195	142
H698_32	32	104	132	69	156	304	198	148
H698_32	32	70	96	69	156	274	204	140
H698_32	32	70	96	69	156	274	207	140
H698_32	32	70	96	69	156	274	192	140
H699_32	32	78	96	69	156	280	189	136
H699_32	32	88	120	73	156	295	192	138
H699_32	32	78	132	69	156	313	195	142
H699_32	32	78	153	69	156	280	198	154
H699_32	32	78	96	69	156	280	201	136
H699_32	32	78	96	69	156	280	189	136
H700_32	32	70	96	69	156	289	195	136
H700_32	32	88	117	73	156	289	198	140
H700_32	32	100	120	69	156	289	213	142
H700_32	32	70	123	69	156	289	195	148
H700_32	32	70	132	69	156	289	195	154
H700_32	32	70	150	69	156	289	195	136
H701_32	32	72	96	69	156	259	195	136
H701_32	32	102	120	73	158	268	210	138
H701_32	32	104	96	141	156	289	213	140
H701_32	32	72	96	69	156	304	195	142
H701_32	32	72	96	69	156	259	195	136
H701_32	32	72	96	69	156	259	195	136
H702_32	32	70	96	69	154	277	192	130
H702_32	32	86	105	73	156	304	198	136
H702_32	32	102	117	69	154	277	201	140
H702_32	32	104	144	69	154	277	192	142
H702_32	32	70	96	69	154	277	192	146
H702_32	32	70	96	69	154	277	192	154
H703_32	32	72	96	73	156	280	192	136
H703_32	32	86	132	73	158	304	195	142
H703_32	32	88	144	73	156	280	198	146
H703_32	32	72	96	73	156	280	213	154
H703_32	32	72	96	73	156	280	192	136
H703_32	32	72	96	73	156	280	192	136
H704_33	33	70	96	69	158	262	198	136
H704_33	33	78	120	73	158	262	201	138
H704_33	33	104	150	93	158	262	204	142
H704_33	33	70	96	69	158	262	198	146
H704_33	33	70	96	69	158	262	198	148
H704_33	33	70	96	69	158	262	198	154
H705_33	33	58	96	69	158	262	195	142
H705_33	33	72	117	73	158	262	198	146
H705_33	33	78	144	93	158	262	204	142
H705_33	33	104	96	69	158	262	207	142
H705_33	33	106	96	69	158	262	213	142
H705_33	33	58	96	69	158	262	195	142
H706_33	33	72	93	69	156	262	192	136
H706_33	33	72	96	73	156	262	195	138
H706_33	33	72	111	93	156	262	198	140
H706_33	33	72	120	69	156	262	204	142
H706_33	33	72	93	69	156	262	213	136
H706_33	33	72	93	69	156	262	192	136
H707_33	33	72	96	69	156	262	192	138
H707_33	33	78	117	73	156	262	195	142
H707_33	33	92	150	93	156	262	198	144
H707_33	33	94	96	69	156	262	201	146
H707_33	33	102	96	69	156	262	192	148
H707_33	33	72	96	69	156	262	192	138
H708_33	33	70	102	93	156	262	192	138
H708_33	33	72	105	93	156	262	195	144
H708_33	33	92	117	93	156	262	198	146
H708_33	33	94	120	93	156	262	213	138
H708_33	33	102	102	93	156	262	192	138
H708_33	33	104	102	93	156	262	192	138
H709_33	33	70	96	69	156	262	189	142
H709_33	33	72	126	73	158	262	192	144
H709_33	33	86	147	93	156	262	195	148
H709_33	33	92	96	69	156	262	198	154
H709_33	33	94	96	69	156	262	189	142
H709_33	33	104	96	69	156	262	189	142
H710_33	33	70	96	69	158	289	-9	140
H710_33	33	72	117	73	158	289	-9	142
H710_33	33	86	120	93	158	289	-9	146
H710_33	33	90	150	69	158	289	-9	148
H710_33	33	94	96	69	158	289	-9	140
H710_33	33	104	96	69	158	289	-9	140
H711_33	33	70	96	69	156	313	192	140
H711_33	33	72	120	73	158	313	198	142
H711_33	33	92	132	93	156	313	201	146
H711_33	33	94	96	69	156	313	216	154
H711_33	33	102	96	69	156	313	192	140
H711_33	33	104	96	69	156	313	192	140
H712_33	33	58	93	69	156	262	-9	140
H712_33	33	70	96	73	158	313	-9	148
H712_33	33	72	117	93	156	262	-9	140
H712_33	33	92	120	69	156	262	-9	140
H712_33	33	94	93	69	156	262	-9	140
H712_33	33	104	93	69	156	262	-9	140
H713_33	33	72	93	65	156	262	192	140
H713_33	33	78	96	69	156	262	195	142
H713_33	33	72	120	73	156	262	198	146
H713_33	33	72	93	93	156	262	213	148
H713_33	33	72	93	65	156	262	216	154
H713_33	33	72	93	65	156	262	192	140
H714_33	33	70	117	69	156	268	-9	138
H714_33	33	72	120	73	158	289	-9	140
H714_33	33	94	150	93	156	313	-9	142
H714_33	33	102	117	69	156	268	-9	144
H714_33	33	104	117	69	156	268	-9	146
H714_33	33	106	117	69	156	268	-9	138
H715_33	33	58	93	69	156	262	189	138
H715_33	33	70	96	73	156	289	192	140
H715_33	33	72	120	93	156	262	198	142
H715_33	33	104	132	69	156	262	201	148
H715_33	33	58	93	69	156	262	189	138
H715_33	33	58	93	69	156	262	189	138
H716_33	33	72	90	69	156	259	-9	-9
H716_33	33	78	96	73	156	259	-9	-9
H716_33	33	94	111	93	156	259	-9	-9
H716_33	33	104	153	69	156	259	-9	-9
H716_33	33	72	90	69	156	259	-9	-9
H716_33	33	72	90	69	156	259	-9	-9
H717_33	33	58	96	69	156	262	192	130
H717_33	33	72	117	73	158	289	195	140
H717_33	33	78	144	93	156	262	198	144
H717_33	33	102	96	69	156	262	204	146
H717_33	33	104	96	69	156	262	207	148
H717_33	33	58	96	69	156	262	213	130
H718_33	33	70	93	69	156	262	192	130
H718_33	33	72	96	73	158	289	195	138
H718_33	33	78	132	93	156	262	198	140
H718_33	33	88	144	69	156	262	204	144
H718_33	33	70	93	69	156	262	207	146
H718_33	33	70	93	69	156	262	213	130
H719_33	33	58	96	69	156	262	195	130
H719_33	33	72	117	73	158	262	198	140
H719_33	33	86	120	93	156	262	204	144
H719_33	33	102	144	69	156	262	207	148
H719_33	33	104	96	69	156	262	213	130
H719_33	33	106	96	69	156	262	195	130
H720_33	33	-9	-9	-9	-9	262	189	138
H720_33	33	-9	-9	-9	-9	313	192	142
H720_33	33	-9	-9	-9	-9	262	195	144
H720_33	33	-9	-9	-9	-9	262	213	138
H720_33	33	-9	-9	-9	-9	262	189	138
H720_33	33	-9	-9	-9	-9	262	189	138
H721_33	33	72	96	69	156	262	192	130
H721_33	33	78	111	73	156	289	195	140
H721_33	33	86	117	93	156	262	198	146
H721_33	33	92	120	69	156	262	204	154
H721_33	33	94	132	69	156	262	192	130
H721_33	33	104	144	69	156	262	192	130
H722_33	33	58	117	69	154	259	189	138
H722_33	33	70	120	73	156	268	192	142
H722_33	33	94	144	69	154	295	195	146
H722_33	33	58	150	69	154	304	198	138
H722_33	33	58	117	69	154	310	213	138
H722_33	33	58	117	69	154	313	189	138
H723_33	33	58	96	69	156	-9	-9	-9
H723_33	33	70	120	73	156	-9	-9	-9
H723_33	33	76	144	69	156	-9	-9	-9
H723_33	33	78	96	69	156	-9	-9	-9
H723_33	33	94	96	69	156	-9	-9	-9
H723_33	33	104	96	69	156	-9	-9	-9
H724_33	33	70	96	69	156	262	198	142
H724_33	33	72	120	73	158	265	198	144
H724_33	33	94	96	69	156	280	198	148
H724_33	33	104	96	69	156	307	198	154
H724_33	33	70	96	69	156	313	198	142
H724_33	33	70	96	69	156	262	198	142
H725_33	33	58	93	73	154	-9	-9	-9
H725_33	33	70	96	73	156	-9	-9	-9
H725_33	33	72	111	73	154	-9	-9	-9
H725_33	33	78	120	73	154	-9	-9	-9
H725_33	33	94	132	73	154	-9	-9	-9
H725_33	33	104	93	73	154	-9	-9	-9
H726_33	33	70	96	69	156	262	195	136
H726_33	33	72	120	73	156	268	204	138
H726_33	33	102	144	69	156	274	213	142
H726_33	33	104	96	69	156	289	195	146
H726_33	33	70	96	69	156	295	195	148
H726_33	33	70	96	69	156	313	195	154
H727_33	33	70	93	69	156	262	189	138
H727_33	33	86	96	73	158	277	192	142
H727_33	33	100	132	69	156	280	201	146
H727_33	33	70	150	69	156	295	189	148
H727_33	33	70	93	69	156	313	189	154
H727_33	33	70	93	69	156	262	189	138
H728_33	33	70	96	69	156	274	192	138
H728_33	33	78	105	73	156	289	195	140
H728_33	33	104	117	69	156	310	198	142
H728_33	33	70	120	69	156	313	204	146
H728_33	33	70	132	69	156	274	213	148
H728_33	33	70	96	69	156	274	216	138
H729_33	33	78	96	69	156	262	189	136
H729_33	33	86	111	73	158	274	192	138
H729_33	33	78	120	69	156	283	189	148
H729_33	33	78	96	69	156	295	189	136
H729_33	33	78	96	69	156	310	189	136
H729_33	33	78	96	69	156	313	189	136
H730_33	33	70	96	69	156	262	192	136
H730_33	33	86	120	73	156	265	195	140
H730_33	33	70	138	69	156	274	198	142
H730_33	33	70	96	69	156	280	204	154
H730_33	33	70	96	69	156	283	192	136
H730_33	33	70	96	69	156	313	192	136
H731_33	33	70	96	69	156	262	192	142
H731_33	33	86	132	73	156	280	195	146
H731_33	33	88	150	69	156	301	198	154
H731_33	33	70	96	69	156	328	192	142
H731_33	33	70	96	69	156	262	192	142
H731_33	33	70	96	69	156	262	192	142
H732_33	33	70	96	69	156	262	195	142
H732_33	33	78	132	73	156	274	198	144
H732_33	33	104	96	69	156	304	213	148
H732_33	33	70	96	69	156	322	195	142
H732_33	33	70	96	69	156	262	195	142
H732_33	33	70	96	69	156	262	195	142
H733_33	33	72	90	69	156	283	180	136
H733_33	33	78	96	73	156	289	198	138
H733_33	33	104	120	69	156	198	204	142
H733_33	33	72	90	69	156	310	207	136
H733_33	33	72	90	69	156	313	216	136
H733_33	33	72	90	69	156	283	180	136
H734_33	33	70	96	69	156	259	192	140
H734_33	33	76	111	73	158	280	195	142
H734_33	33	78	117	69	156	304	198	146
H734_33	33	102	144	69	156	259	213	148
H734_33	33	104	150	69	156	259	216	154
H734_33	33	70	96	69	156	259	192	140
H735_33	33	72	96	69	156	259	195	130
H735_33	33	76	111	73	158	289	204	136
H735_33	33	102	120	141	156	313	207	138
H735_33	33	104	144	69	156	259	213	140
H735_33	33	72	96	69	156	259	195	142
H735_33	33	72	96	69	156	259	195	148
